1000 0 18
10 14 10 34 75 19 358 31 85 0.87577 0 0 0 0 0 0 0 0 0 0 0
 7  6 11 25 90 11 163 40 96 0.65387 0 0 0 0 0 0 0 0 0 0 0
 6  6  7 62 99 23 212 41 38 0.70701 0 0 0 0 0 0 0 0 0 0 0
11 10  3 38 96 10 158 41 31 0.27004 0 0 0 0 0 0 0 0 0 0 0
 3  5 11 61 71 22 270 31 58 1.34944 0 0 0 0 0 0 0 0 0 0 0
 4  5 10 41 99 20 192 49 73 0.57492 0 0 0 0 0 0 0 0 0 0 0
14  5  4 49 89 11  65 35 99 0.49554 0 0 0 0 0 0 0 0 0 0 0
15 10  7 66 95 10 269 42 98 1.42522 0 0 0 0 0 0 0 0 0 0 0
 8 11  4 41 70 25 149 48 40 1.27107 0 0 0 0 0 0 0 0 0 0 0
 6  5 10 60 87 11 213 31 62 0.69019 0 0 0 0 0 0 0 0 0 0 0
 4  9  8 31 77 14 148 34 45 1.88436 0 0 0 0 0 0 0 0 0 0 0
14 10 11 63 98 16 146 45 64 1.52626 0 0 0 0 0 0 0 0 0 0 0
 5 14  3 31 64 12 178 44 37 0.63152 0 0 0 0 0 0 0 0 0 0 0
 9  8 10 28 65 28 174 46 37 0.46335 0 0 0 0 0 0 0 0 0 0 0
12  6 13 52 96 12 142 40 66 1.18537 0 0 0 0 0 0 0 0 0 0 0
 5  5  8 52 62 12 139 45 82 0.93112 0 0 0 0 0 0 0 0 0 0 0
 7 10 11 21 81  2 269 50 42 0.13593 0 0 0 0 0 0 0 0 0 0 0
 6 11 12 38 64 14 185 34 51 0.69013 0 0 0 0 0 0 0 0 0 0 0
10  7  6 22 86 14 321 35 62 0.34800 0 0 0 0 0 0 0 0 0 0 0
 3  4 13 25 97  3 219 37 31 0.16976 0 0 0 0 0 0 0 0 0 0 0
11  6 13 43 65 19 288 48 38 0.72298 0 0 0 0 0 0 0 0 0 0 0
14  2  9 31 78 10 254 30 78 0.81657 0 0 0 0 0 0 0 0 0 0 0
10  6 14 41 63 16 291 44 77 1.24483 0 0 0 0 0 0 0 0 0 0 0
 6  7 12 59 70  4 204 31 86 0.81270 0 0 0 0 0 0 0 0 0 0 0
 4  9 15 24 95  9 253 37 88 0.55033 0 0 0 0 0 0 0 0 0 0 0
10  2  8 24 69 24 332 34 71 1.31535 0 0 0 0 0 0 0 0 0 0 0
 6  3  2 37 73 10 264 39 80 0.71336 0 0 0 0 0 0 0 0 0 0 0
 7 11  9 56 74 16 207 43 95 1.05015 0 0 0 0 0 0 0 0 0 0 0
 8 11 13 66 65 10  28 50 98 0.80896 0 0 0 0 0 0 0 0 0 0 0
 4  2  6 49 78  1 257 41 81 1.04418 0 0 0 0 0 0 0 0 0 0 0
11  8 11 22 75 17  38 47 38 1.17071 0 0 0 0 0 0 0 0 0 0 0
 8 12  6 70 74 13  46 46 82 1.90418 0 0 0 0 0 0 0 0 0 0 0
 6 14  9 21 68 11 277 43 42 1.87068 0 0 0 0 0 0 0 0 0 0 0
 3  4 15 53 82 10 216 31 35 1.90702 0 0 0 0 0 0 0 0 0 0 0
 9  8  6 30 72 12  17 32 38 1.74832 0 0 0 0 0 0 0 0 0 0 0
 8 14 13 66 75  8   5 40 57 1.58425 0 0 0 0 0 0 0 0 0 0 0
12 12  8 54 96 14 149 46 35 0.10799 0 0 0 0 0 0 0 0 0 0 0
 5  7  6 65 96 18 299 43 79 1.18785 0 0 0 0 0 0 0 0 0 0 0
11 10  4 55 98 12 187 44 58 1.08075 0 0 0 0 0 0 0 0 0 0 0
 6 12 15 48 65 11 352 49 54 0.30113 0 0 0 0 0 0 0 0 0 0 0
 7  4  7 36 61 14 104 31 90 1.20011 0 0 0 0 0 0 0 0 0 0 0
 5  6  5 38 77 10 296 45 58 0.69989 0 0 0 0 0 0 0 0 0 0 0
 4 13 13 49 98 11 237 32 93 0.75974 0 0 0 0 0 0 0 0 0 0 0
14 14  9 25 94  3 112 36 34 0.87571 0 0 0 0 0 0 0 0 0 0 0
10  8 10 33 67  1 296 30 43 0.49466 0 0 0 0 0 0 0 0 0 0 0
10  8 11 49 68 16  77 46 36 0.81608 0 0 0 0 0 0 0 0 0 0 0
 9  3 15 64 92 12 200 34 97 1.61536 0 0 0 0 0 0 0 0 0 0 0
14  2 15 51 81 15  47 49 97 0.09771 0 0 0 0 0 0 0 0 0 0 0
 7  7 15 36 99 10  42 35 90 1.51430 0 0 0 0 0 0 0 0 0 0 0
11  7  5 49 84 21 267 35 67 0.85679 0 0 0 0 0 0 0 0 0 0 0
 9 13 11 23 72 19  40 39 48 1.30571 0 0 0 0 0 0 0 0 0 0 0
11  4  9 56 85 22 124 37 33 0.84499 0 0 0 0 0 0 0 0 0 0 0
 4  3  9 39 90 11 360 42 71 1.92371 0 0 0 0 0 0 0 0 0 0 0
 5 13  5 63 93  6  23 49 53 0.93492 0 0 0 0 0 0 0 0 0 0 0
 6 13  7 64 77 12 296 43 89 1.50504 0 0 0 0 0 0 0 0 0 0 0
14  6  2 32 68 10 309 46 85 0.35391 0 0 0 0 0 0 0 0 0 0 0
 3  6 12 69 65 11 205 37 46 1.30114 0 0 0 0 0 0 0 0 0 0 0
 8 11 10 42 73 13 298 45 36 1.45913 0 0 0 0 0 0 0 0 0 0 0
 9  8 11 23 90 11 173 50 32 0.24303 0 0 0 0 0 0 0 0 0 0 0
 4  5  3 53 88 17 320 43 82 0.77940 0 0 0 0 0 0 0 0 0 0 0
 4  3  7 24 76  9 349 38 64 1.32336 0 0 0 0 0 0 0 0 0 0 0
 7 13  3 54 81 10 189 33 89 0.52989 0 0 0 0 0 0 0 0 0 0 0
14 13 12 29 72 18 321 46 36 1.98855 0 0 0 0 0 0 0 0 0 0 0
10 14 11 32 73 20 355 35 94 0.00834 0 0 0 0 0 0 0 0 0 0 0
11  4 12 35 97 26   8 41 44 0.87998 0 0 0 0 0 0 0 0 0 0 0
 4  2 11 60 76  8 173 45 92 0.28261 0 0 0 0 0 0 0 0 0 0 0
 5  8 10 21 94 19 185 33 33 0.29100 0 0 0 0 0 0 0 0 0 0 0
 6 12  7 35 87 12  83 36 52 1.37803 0 0 0 0 0 0 0 0 0 0 0
12  3 15 38 97 16 183 49 42 0.90948 0 0 0 0 0 0 0 0 0 0 0
 5  9  9 59 73 11 124 39 31 1.63690 0 0 0 0 0 0 0 0 0 0 0
 7  4  5 64 70 17 138 45 84 0.73091 0 0 0 0 0 0 0 0 0 0 0
 4  3  7 47 81 18  74 39 67 1.98364 0 0 0 0 0 0 0 0 0 0 0
12  5  3 39 68 10  19 33 59 1.61411 0 0 0 0 0 0 0 0 0 0 0
 6  7  4 35 98 11  60 37 31 1.32856 0 0 0 0 0 0 0 0 0 0 0
 7  7  6 47 96  9   0 49 63 1.82211 0 0 0 0 0 0 0 0 0 0 0
 2  8  6 52 96 16 152 44 39 0.59957 0 0 0 0 0 0 0 0 0 0 0
11 11 10 49 64  9 144 46 59 1.27626 0 0 0 0 0 0 0 0 0 0 0
 7 13  9 43 68  6 187 45 85 1.93568 0 0 0 0 0 0 0 0 0 0 0
 6 12  8 41 71 13 208 30 41 0.75323 0 0 0 0 0 0 0 0 0 0 0
 5  5  5 63 95 26 206 43 81 0.19054 0 0 0 0 0 0 0 0 0 0 0
 3  8  5 30 100 19 119 42 71 1.05609 0 0 0 0 0 0 0 0 0 0 0
10 13 10 69 92 15 225 36 37 1.82548 0 0 0 0 0 0 0 0 0 0 0
11 11  3 23 74 15  62 32 66 0.36765 0 0 0 0 0 0 0 0 0 0 0
13 12  2 52 96 15 210 33 62 0.94200 0 0 0 0 0 0 0 0 0 0 0
 5  7  2 48 75 17 206 47 83 0.97895 0 0 0 0 0 0 0 0 0 0 0
 8 14  7 68 84 16 129 30 67 0.18073 0 0 0 0 0 0 0 0 0 0 0
11  2  3 59 87 20 298 44 97 1.89175 0 0 0 0 0 0 0 0 0 0 0
10  8  3 39 63 14 171 49 44 1.06620 0 0 0 0 0 0 0 0 0 0 0
 9  5  5 44 60 19  23 39 78 1.55144 0 0 0 0 0 0 0 0 0 0 0
15  9  8 42 90 17 115 32 35 1.86796 0 0 0 0 0 0 0 0 0 0 0
10 13  3 53 61  1 116 38 98 0.78933 0 0 0 0 0 0 0 0 0 0 0
14  6  4 68 87  1 302 36 91 0.89737 0 0 0 0 0 0 0 0 0 0 0
13  9  5 65 93 12 186 42 33 0.48681 0 0 0 0 0 0 0 0 0 0 0
13  9 10 26 66  3 264 33 94 0.99539 0 0 0 0 0 0 0 0 0 0 0
14  6 15 21 95  9 264 48 45 0.82031 0 0 0 0 0 0 0 0 0 0 0
 4  4  8 39 95  9 336 39 62 0.83936 0 0 0 0 0 0 0 0 0 0 0
 5  2 11 31 98 11 244 32 90 0.53532 0 0 0 0 0 0 0 0 0 0 0
14 10  4 53 76  4 349 33 99 1.72096 0 0 0 0 0 0 0 0 0 0 0
12 11  8 39 86  5 338 30 81 1.05141 0 0 0 0 0 0 0 0 0 0 0
 8  5  3 47 68  9 132 39 61 0.66810 0 0 0 0 0 0 0 0 0 0 0
 5 12 10 55 71 17 296 47 59 1.18839 0 0 0 0 0 0 0 0 0 0 0
 2  7  2 50 64 16  39 37 74 1.02080 0 0 0 0 0 0 0 0 0 0 0
11  9  7 53 92 15  28 44 96 0.31419 0 0 0 0 0 0 0 0 0 0 0
 4  3 14 49 93 10 333 40 33 1.74602 0 0 0 0 0 0 0 0 0 0 0
 5 12  9 30 86 12 153 38 32 1.79782 0 0 0 0 0 0 0 0 0 0 0
12 13 10 60 100  8  86 34 68 0.84438 0 0 0 0 0 0 0 0 0 0 0
 4  5  4 43 98 10 203 47 64 1.90431 0 0 0 0 0 0 0 0 0 0 0
 9 14 11 38 84 12 271 31 63 1.31510 0 0 0 0 0 0 0 0 0 0 0
 6 14  6 48 63 17 185 49 48 1.73145 0 0 0 0 0 0 0 0 0 0 0
12  7 15 33 93  4 134 39 92 1.22817 0 0 0 0 0 0 0 0 0 0 0
15  2  6 42 81 16 123 47 55 1.33828 0 0 0 0 0 0 0 0 0 0 0
13  8  7 33 62 10  60 41 96 0.80690 0 0 0 0 0 0 0 0 0 0 0
10 12  6 49 76 12 128 38 44 0.45249 0 0 0 0 0 0 0 0 0 0 0
 8  8 12 24 97 16 176 33 65 0.84983 0 0 0 0 0 0 0 0 0 0 0
12 14  6 56 82 12 288 37 90 0.97514 0 0 0 0 0 0 0 0 0 0 0
13  8 13 61 91  4 329 38 87 0.00041 0 0 0 0 0 0 0 0 0 0 0
 5 14 13 50 85  8 207 34 81 0.36791 0 0 0 0 0 0 0 0 0 0 0
10 12  4 67 100  9 308 44 71 1.04160 0 0 0 0 0 0 0 0 0 0 0
 7  7 10 29 71 14 314 40 38 0.86396 0 0 0 0 0 0 0 0 0 0 0
 4 13 13 62 76 11 203 32 36 0.91793 0 0 0 0 0 0 0 0 0 0 0
 9  3  5 62 78 10  83 46 57 0.35006 0 0 0 0 0 0 0 0 0 0 0
14  3  8 53 78  6 245 40 36 0.89780 0 0 0 0 0 0 0 0 0 0 0
 2  9 14 39 85 14  83 42 95 0.95336 0 0 0 0 0 0 0 0 0 0 0
13 11  5 46 82 10 146 35 55 0.05607 0 0 0 0 0 0 0 0 0 0 0
 7 14 10 57 83 18 240 37 70 0.48201 0 0 0 0 0 0 0 0 0 0 0
11 13  5 69 86  8  74 35 45 1.22503 0 0 0 0 0 0 0 0 0 0 0
 5 12  9 57 64  2 339 46 37 1.77797 0 0 0 0 0 0 0 0 0 0 0
10  3 11 43 86  4  92 49 33 1.32170 0 0 0 0 0 0 0 0 0 0 0
14  5 15 55 86  5 153 48 47 1.14441 0 0 0 0 0 0 0 0 0 0 0
13  6 13 66 81 17 205 39 73 1.95409 0 0 0 0 0 0 0 0 0 0 0
 9 14  9 61 92  4 120 41 42 1.29761 0 0 0 0 0 0 0 0 0 0 0
14  2 13 20 76 13 271 46 88 1.99851 0 0 0 0 0 0 0 0 0 0 0
11 10  9 43 82  4  87 43 88 0.37230 0 0 0 0 0 0 0 0 0 0 0
 7 12 14 47 83  3 226 33 52 0.83668 0 0 0 0 0 0 0 0 0 0 0
12  5  7 69 89 17  82 49 44 0.20434 0 0 0 0 0 0 0 0 0 0 0
14  2 10 37 83 11 278 44 100 0.89966 0 0 0 0 0 0 0 0 0 0 0
 4  9  4 51 92  6 252 47 94 1.20781 0 0 0 0 0 0 0 0 0 0 0
 5 14  9 27 92 14  97 40 90 0.46109 0 0 0 0 0 0 0 0 0 0 0
15  6  9 45 61 23 184 37 85 1.60890 0 0 0 0 0 0 0 0 0 0 0
 8  4 14 52 66 15 115 49 64 0.77450 0 0 0 0 0 0 0 0 0 0 0
 9  7  7 23 61 11  21 36 80 1.67730 0 0 0 0 0 0 0 0 0 0 0
 9  8 15 20 84 13 125 47 99 1.06523 0 0 0 0 0 0 0 0 0 0 0
 8 10  7 40 80 28  74 49 59 0.46122 0 0 0 0 0 0 0 0 0 0 0
11 15 10 64 75  7   1 30 53 0.07250 0 0 0 0 0 0 0 0 0 0 0
 3 10  3 64 81 15 240 34 89 0.54615 0 0 0 0 0 0 0 0 0 0 0
 9 10  9 59 94 19 143 44 92 1.92136 0 0 0 0 0 0 0 0 0 0 0
10  5  7 40 100  7 345 42 96 1.96653 0 0 0 0 0 0 0 0 0 0 0
13 11  4 61 81 10 247 35 33 1.92165 0 0 0 0 0 0 0 0 0 0 0
10 12  4 31 88 12 334 47 97 1.29424 0 0 0 0 0 0 0 0 0 0 0
13  6 13 58 61  6  85 34 34 1.41091 0 0 0 0 0 0 0 0 0 0 0
11  3  8 22 69  8  66 34 66 0.54857 0 0 0 0 0 0 0 0 0 0 0
 8  5  8 52 78 15 280 32 72 0.85196 0 0 0 0 0 0 0 0 0 0 0
12  3  6 31 91 12 199 31 76 1.06240 0 0 0 0 0 0 0 0 0 0 0
 5  6  9 25 79 23  30 40 74 0.84609 0 0 0 0 0 0 0 0 0 0 0
 4  2  8 22 66 26 329 47 66 0.23984 0 0 0 0 0 0 0 0 0 0 0
 6  8 11 33 69 16  39 32 54 0.73163 0 0 0 0 0 0 0 0 0 0 0
 7  4  8 21 91  7 227 45 63 1.94231 0 0 0 0 0 0 0 0 0 0 0
11  3 14 55 70 12 212 33 100 1.00599 0 0 0 0 0 0 0 0 0 0 0
10  4 10 25 64 16 285 43 74 0.84451 0 0 0 0 0 0 0 0 0 0 0
 8  8 14 63 94 12  24 35 54 1.50727 0 0 0 0 0 0 0 0 0 0 0
 9  9 11 36 73 13  98 41 37 1.38320 0 0 0 0 0 0 0 0 0 0 0
 8 13  6 35 88  2 130 47 81 0.14142 0 0 0 0 0 0 0 0 0 0 0
 6  7  3 42 95 15 191 42 34 1.04964 0 0 0 0 0 0 0 0 0 0 0
13  3  6 38 83 16 100 39 32 1.76630 0 0 0 0 0 0 0 0 0 0 0
 7  9  7 49 96 19   8 47 50 0.93596 0 0 0 0 0 0 0 0 0 0 0
15  7 10 49 91 22 139 33 31 1.11535 0 0 0 0 0 0 0 0 0 0 0
 9 14  7 61 69 32  46 41 84 0.26433 0 0 0 0 0 0 0 0 0 0 0
14 10 10 43 100  9  25 41 67 1.80425 0 0 0 0 0 0 0 0 0 0 0
10 12  6 59 93 12 174 44 80 1.40428 0 0 0 0 0 0 0 0 0 0 0
14 10  7 53 67 17 152 48 71 0.38861 0 0 0 0 0 0 0 0 0 0 0
 3  6  5 55 99  5   5 40 77 0.66553 0 0 0 0 0 0 0 0 0 0 0
 7 14  4 29 80 10 147 50 92 0.63120 0 0 0 0 0 0 0 0 0 0 0
14  4 10 28 71 14 176 36 99 1.55048 0 0 0 0 0 0 0 0 0 0 0
 4  6 11 25 83 13 301 31 48 0.40213 0 0 0 0 0 0 0 0 0 0 0
12  5  9 32 100  5  40 44 84 1.38171 0 0 0 0 0 0 0 0 0 0 0
 2 10 10 30 61  6 267 44 63 1.23926 0 0 0 0 0 0 0 0 0 0 0
10 13 14 63 80 18 328 40 83 0.66619 0 0 0 0 0 0 0 0 0 0 0
10 15 15 44 84 11  64 40 39 1.03092 0 0 0 0 0 0 0 0 0 0 0
11  3 10 30 70 18  57 32 77 1.96809 0 0 0 0 0 0 0 0 0 0 0
 3  9  4 54 91 21 116 33 57 1.89688 0 0 0 0 0 0 0 0 0 0 0
14  7  8 64 84 25 183 43 77 0.13757 0 0 0 0 0 0 0 0 0 0 0
 4  7  4 52 64  6 337 30 53 0.06877 0 0 0 0 0 0 0 0 0 0 0
 9  7 11 51 64 23 237 45 65 1.65700 0 0 0 0 0 0 0 0 0 0 0
 7 13  8 55 92 24  24 43 72 0.23350 0 0 0 0 0 0 0 0 0 0 0
 9 10  4 64 76 28 174 45 42 1.27247 0 0 0 0 0 0 0 0 0 0 0
12  5 14 34 62 10 239 34 37 1.01978 0 0 0 0 0 0 0 0 0 0 0
 9 15 10 58 100 17 212 30 36 0.10198 0 0 0 0 0 0 0 0 0 0 0
 9  5 14 55 98 16   6 41 74 1.95740 0 0 0 0 0 0 0 0 0 0 0
 8  6  4 51 99  3 133 41 74 0.75427 0 0 0 0 0 0 0 0 0 0 0
 7  7  3 21 72 26 189 48 34 0.66783 0 0 0 0 0 0 0 0 0 0 0
 4 11  7 60 68 11 246 31 31 0.98867 0 0 0 0 0 0 0 0 0 0 0
12 12 12 67 93 25 119 47 78 0.58846 0 0 0 0 0 0 0 0 0 0 0
 5 11  8 30 67 14 328 30 85 0.79560 0 0 0 0 0 0 0 0 0 0 0
 4  5  8 52 61  9 341 41 100 1.54389 0 0 0 0 0 0 0 0 0 0 0
12  5  8 48 97  7  60 31 90 0.27174 0 0 0 0 0 0 0 0 0 0 0
 7 13 10 32 99 18 159 31 55 1.24319 0 0 0 0 0 0 0 0 0 0 0
14 11  7 34 71 21 277 32 83 0.73559 0 0 0 0 0 0 0 0 0 0 0
 8 15 11 38 70 12 309 34 64 1.13179 0 0 0 0 0 0 0 0 0 0 0
 5 13  9 67 70 19 341 41 62 1.17855 0 0 0 0 0 0 0 0 0 0 0
15  6 12 62 99 23 344 47 52 0.23687 0 0 0 0 0 0 0 0 0 0 0
11  5  4 53 83  8 212 32 50 0.24866 0 0 0 0 0 0 0 0 0 0 0
 4  6  9 43 74 10 198 30 68 0.25294 0 0 0 0 0 0 0 0 0 0 0
 6 13 11 29 75  1 144 42 48 1.31737 0 0 0 0 0 0 0 0 0 0 0
 8 15  3 34 88 13 257 44 31 0.54164 0 0 0 0 0 0 0 0 0 0 0
 9  7 12 50 99 16 118 47 89 0.92008 0 0 0 0 0 0 0 0 0 0 0
14  8 11 55 95 11 238 37 50 0.94036 0 0 0 0 0 0 0 0 0 0 0
 4  5 12 60 97 14 180 43 69 1.61752 0 0 0 0 0 0 0 0 0 0 0
11  9  9 27 76 17 199 45 77 1.77205 0 0 0 0 0 0 0 0 0 0 0
11 10 10 23 86  5 252 32 93 1.13258 0 0 0 0 0 0 0 0 0 0 0
 4  5 11 44 90 10   8 44 41 0.44495 0 0 0 0 0 0 0 0 0 0 0
 3  4 11 42 77  7 197 48 63 0.35716 0 0 0 0 0 0 0 0 0 0 0
 2  9 12 46 85  8 346 36 65 0.41413 0 0 0 0 0 0 0 0 0 0 0
 7 10  4 63 89 10 309 36 90 1.65909 0 0 0 0 0 0 0 0 0 0 0
 8 11  4 33 80 12 202 50 90 0.17021 0 0 0 0 0 0 0 0 0 0 0
 6  9  5 45 81 14 310 38 87 0.29451 0 0 0 0 0 0 0 0 0 0 0
 5  5  4 32 87 20 307 36 91 1.40889 0 0 0 0 0 0 0 0 0 0 0
13  8  8 56 71 19  46 34 77 1.37004 0 0 0 0 0 0 0 0 0 0 0
 2 14  2 43 78 21 143 48 91 0.51133 0 0 0 0 0 0 0 0 0 0 0
10 12  4 42 72  2 131 41 77 0.69755 0 0 0 0 0 0 0 0 0 0 0
10  8  4 21 99  9  47 49 31 1.24555 0 0 0 0 0 0 0 0 0 0 0
15 14  7 47 80 19 108 33 78 0.03963 0 0 0 0 0 0 0 0 0 0 0
 8  7  3 24 92 13 123 46 43 0.63370 0 0 0 0 0 0 0 0 0 0 0
 5  9  5 42 75 12 230 50 46 0.64950 0 0 0 0 0 0 0 0 0 0 0
14 13  9 57 70  9 323 47 55 1.21942 0 0 0 0 0 0 0 0 0 0 0
 6 13 15 38 73 14 346 48 31 1.78731 0 0 0 0 0 0 0 0 0 0 0
13 11 10 61 85 17 265 44 60 1.27852 0 0 0 0 0 0 0 0 0 0 0
14  4  8 40 76 16  80 44 46 0.12804 0 0 0 0 0 0 0 0 0 0 0
11 15  4 38 83 16 268 31 68 1.48542 0 0 0 0 0 0 0 0 0 0 0
 6  3  6 37 78  6 325 46 48 1.29636 0 0 0 0 0 0 0 0 0 0 0
13 12  8 40 85 12  94 34 92 0.11611 0 0 0 0 0 0 0 0 0 0 0
 8 14  6 70 70 15 313 33 34 1.90245 0 0 0 0 0 0 0 0 0 0 0
 8 10  9 29 83 19  32 33 96 0.58558 0 0 0 0 0 0 0 0 0 0 0
 6 10  6 32 81  1 117 34 50 0.89559 0 0 0 0 0 0 0 0 0 0 0
 4  5  3 32 99 12 323 34 96 0.16387 0 0 0 0 0 0 0 0 0 0 0
 8 13 12 62 90 18  46 40 32 1.26997 0 0 0 0 0 0 0 0 0 0 0
 8  2  5 41 63 12  84 39 80 0.93260 0 0 0 0 0 0 0 0 0 0 0
 5  9  9 69 76 16 193 31 66 1.15508 0 0 0 0 0 0 0 0 0 0 0
 8 14  7 35 83  7 151 33 81 1.58347 0 0 0 0 0 0 0 0 0 0 0
 9  9 12 21 75  7 136 31 70 1.70709 0 0 0 0 0 0 0 0 0 0 0
 7 10  4 56 89 19 257 47 39 0.71287 0 0 0 0 0 0 0 0 0 0 0
 2 15  8 65 85 20 101 45 82 0.14936 0 0 0 0 0 0 0 0 0 0 0
12  9  8 57 95 15   6 42 41 1.72453 0 0 0 0 0 0 0 0 0 0 0
 9  7  7 60 71 13  42 32 76 0.42247 0 0 0 0 0 0 0 0 0 0 0
10  4  9 69 95 16  17 32 37 1.95158 0 0 0 0 0 0 0 0 0 0 0
 7 14  3 30 91 15 346 49 58 1.75515 0 0 0 0 0 0 0 0 0 0 0
 8 13 14 27 60 14  13 42 76 1.23624 0 0 0 0 0 0 0 0 0 0 0
 3  9 12 66 99 10 249 31 67 1.77890 0 0 0 0 0 0 0 0 0 0 0
 8  6  7 34 86 15 294 45 33 1.70212 0 0 0 0 0 0 0 0 0 0 0
 9 12  3 20 91 16 174 37 45 0.83703 0 0 0 0 0 0 0 0 0 0 0
13 11  8 49 74  6 269 40 42 1.20796 0 0 0 0 0 0 0 0 0 0 0
10 14 11 32 95 15 209 38 72 1.91306 0 0 0 0 0 0 0 0 0 0 0
 7  6 14 28 68 14 112 50 44 0.19594 0 0 0 0 0 0 0 0 0 0 0
13  3 10 26 62 16 228 35 59 0.69709 0 0 0 0 0 0 0 0 0 0 0
11 13  3 56 97 19  48 36 72 1.28594 0 0 0 0 0 0 0 0 0 0 0
10  6  4 44 76  5 154 47 73 0.74683 0 0 0 0 0 0 0 0 0 0 0
 6  5 11 70 87 11 252 41 98 0.55627 0 0 0 0 0 0 0 0 0 0 0
12 15 13 31 81 21  28 44 66 1.10001 0 0 0 0 0 0 0 0 0 0 0
 3  8 10 69 86 22 225 36 69 0.59508 0 0 0 0 0 0 0 0 0 0 0
10  6  4 58 92 10 275 44 82 0.45481 0 0 0 0 0 0 0 0 0 0 0
10 11  8 37 83 12 267 38 67 1.84568 0 0 0 0 0 0 0 0 0 0 0
10 14  5 26 69  7 115 30 66 0.83646 0 0 0 0 0 0 0 0 0 0 0
13 10 13 24 62  4 253 39 76 0.79053 0 0 0 0 0 0 0 0 0 0 0
 5 14  3 25 91 15 233 45 72 1.03535 0 0 0 0 0 0 0 0 0 0 0
 8  8 13 42 78  7 136 30 51 0.34606 0 0 0 0 0 0 0 0 0 0 0
 9  7  3 66 93 19 231 40 47 1.97567 0 0 0 0 0 0 0 0 0 0 0
12  7 14 24 88 14 238 40 67 0.66866 0 0 0 0 0 0 0 0 0 0 0
11 11  4 46 70 10  79 31 83 1.67594 0 0 0 0 0 0 0 0 0 0 0
 7 12 11 57 65 12  79 34 61 1.14217 0 0 0 0 0 0 0 0 0 0 0
15 13  7 63 78  8  27 43 50 0.58261 0 0 0 0 0 0 0 0 0 0 0
 7 12  4 21 79  8 312 33 92 1.97143 0 0 0 0 0 0 0 0 0 0 0
 7 15  4 53 87  8  47 41 53 1.46912 0 0 0 0 0 0 0 0 0 0 0
 2 15  8 22 93 26 356 42 38 0.06821 0 0 0 0 0 0 0 0 0 0 0
13  7 12 20 92  9  39 47 54 0.49656 0 0 0 0 0 0 0 0 0 0 0
 9  6  8 41 93  7 334 35 70 0.89158 0 0 0 0 0 0 0 0 0 0 0
10 11  5 33 64  8 287 48 89 1.49790 0 0 0 0 0 0 0 0 0 0 0
 6 14  8 69 70 10 238 45 71 0.09796 0 0 0 0 0 0 0 0 0 0 0
 6 14 13 30 80 10 348 33 63 1.70886 0 0 0 0 0 0 0 0 0 0 0
 7  4  8 63 94 27 206 41 59 0.12478 0 0 0 0 0 0 0 0 0 0 0
 8  7 15 65 82 17 233 32 83 0.33737 0 0 0 0 0 0 0 0 0 0 0
 5  8  8 20 72  6 342 40 41 0.16273 0 0 0 0 0 0 0 0 0 0 0
12  5  3 54 87 11 176 38 67 1.50692 0 0 0 0 0 0 0 0 0 0 0
10  3  9 63 75  6 217 32 90 1.84113 0 0 0 0 0 0 0 0 0 0 0
11  4  9 57 83 19 326 46 54 0.25236 0 0 0 0 0 0 0 0 0 0 0
13 11  4 60 64 19  93 33 42 1.31282 0 0 0 0 0 0 0 0 0 0 0
14  9 15 68 93 14 227 45 58 1.30961 0 0 0 0 0 0 0 0 0 0 0
 7 14  2 58 64 11 211 35 47 1.92639 0 0 0 0 0 0 0 0 0 0 0
 5  5  4 66 80 17  30 37 77 1.46662 0 0 0 0 0 0 0 0 0 0 0
11  4 10 23 79 16  36 46 38 1.64387 0 0 0 0 0 0 0 0 0 0 0
11  5 14 42 66  7 291 41 90 0.08860 0 0 0 0 0 0 0 0 0 0 0
15  7  7 31 87 18   0 40 51 1.25199 0 0 0 0 0 0 0 0 0 0 0
 9 12  3 57 87 17 284 47 86 1.15989 0 0 0 0 0 0 0 0 0 0 0
12  5  9 64 84  8 109 33 58 0.35306 0 0 0 0 0 0 0 0 0 0 0
 4 10 13 27 92 13 178 48 71 0.21801 0 0 0 0 0 0 0 0 0 0 0
 7  7 13 27 99 15 352 47 77 0.01825 0 0 0 0 0 0 0 0 0 0 0
 5 14 11 33 84 17 121 48 99 0.59675 0 0 0 0 0 0 0 0 0 0 0
10  8  8 65 66 12 115 35 48 0.00450 0 0 0 0 0 0 0 0 0 0 0
 4  3 15 55 83  7 111 49 44 1.49258 0 0 0 0 0 0 0 0 0 0 0
 8 10  6 53 94 19 136 47 86 0.56922 0 0 0 0 0 0 0 0 0 0 0
14  8 10 63 69 16 199 36 75 0.96109 0 0 0 0 0 0 0 0 0 0 0
 6  8  9 53 79 13 130 47 49 0.63747 0 0 0 0 0 0 0 0 0 0 0
 7  7  5 33 98  9 137 46 79 1.48444 0 0 0 0 0 0 0 0 0 0 0
 9  7 12 59 78 15  51 31 58 1.85438 0 0 0 0 0 0 0 0 0 0 0
 8  4  6 50 72  5 287 42 93 0.05499 0 0 0 0 0 0 0 0 0 0 0
14 12  8 55 85 29 199 41 55 0.44847 0 0 0 0 0 0 0 0 0 0 0
11 12 10 51 90 19 340 33 60 0.21241 0 0 0 0 0 0 0 0 0 0 0
11 10 13 70 88 11 172 36 35 1.87708 0 0 0 0 0 0 0 0 0 0 0
 4  5  3 55 87 15 124 40 82 1.08263 0 0 0 0 0 0 0 0 0 0 0
11 11  8 38 90  8  78 43 62 1.48594 0 0 0 0 0 0 0 0 0 0 0
12  2  4 68 70 18 166 34 40 1.87067 0 0 0 0 0 0 0 0 0 0 0
 9  6  9 42 91 26 239 48 30 0.80022 0 0 0 0 0 0 0 0 0 0 0
13 11  8 56 91 22 169 37 98 0.71825 0 0 0 0 0 0 0 0 0 0 0
15 12  3 60 85  6 317 49 36 0.43667 0 0 0 0 0 0 0 0 0 0 0
10  4 14 22 87 12  46 34 31 1.73310 0 0 0 0 0 0 0 0 0 0 0
 4 10 10 45 75 15  91 49 70 0.41015 0 0 0 0 0 0 0 0 0 0 0
13 11  9 32 81  2  80 35 87 1.62174 0 0 0 0 0 0 0 0 0 0 0
10  6  4 29 78 16 238 48 36 1.21127 0 0 0 0 0 0 0 0 0 0 0
 4 14  9 21 99  9 172 31 49 0.73357 0 0 0 0 0 0 0 0 0 0 0
 6  3 13 66 92 18  36 44 75 1.84135 0 0 0 0 0 0 0 0 0 0 0
12  5 12 25 94  2 349 44 99 0.25912 0 0 0 0 0 0 0 0 0 0 0
 4 12 12 52 81 22 253 39 92 1.55268 0 0 0 0 0 0 0 0 0 0 0
14  9  2 67 79  1 295 34 90 1.83920 0 0 0 0 0 0 0 0 0 0 0
 6  3 13 49 91  8 234 31 85 1.53057 0 0 0 0 0 0 0 0 0 0 0
 4  7  6 50 95 16  27 32 58 1.95727 0 0 0 0 0 0 0 0 0 0 0
 7  4  2 40 74 22 301 38 98 1.17160 0 0 0 0 0 0 0 0 0 0 0
14  5 14 28 67 17  65 47 46 1.07773 0 0 0 0 0 0 0 0 0 0 0
13  9 11 67 83 11 354 42 75 1.09260 0 0 0 0 0 0 0 0 0 0 0
 9  7  6 48 80 22  17 48 64 0.54266 0 0 0 0 0 0 0 0 0 0 0
 6  7 11 64 79  9 224 50 64 0.61808 0 0 0 0 0 0 0 0 0 0 0
 8  5 10 37 82  6 234 31 45 1.34826 0 0 0 0 0 0 0 0 0 0 0
12  7  3 55 88 22  58 46 43 1.26728 0 0 0 0 0 0 0 0 0 0 0
 8  9 14 51 86  6  40 40 95 0.47029 0 0 0 0 0 0 0 0 0 0 0
 4 15  7 40 60  7 276 41 65 0.53059 0 0 0 0 0 0 0 0 0 0 0
 3  9  6 62 70  9 177 32 49 0.96513 0 0 0 0 0 0 0 0 0 0 0
11 11  2 51 71  9  59 32 47 1.86234 0 0 0 0 0 0 0 0 0 0 0
12  9  6 30 68 17 171 32 81 1.80604 0 0 0 0 0 0 0 0 0 0 0
 9  5  5 62 72 13  54 45 31 0.53211 0 0 0 0 0 0 0 0 0 0 0
 3  3  3 53 65  9 359 40 97 1.62810 0 0 0 0 0 0 0 0 0 0 0
 9  6  5 35 82  8 286 44 77 1.33579 0 0 0 0 0 0 0 0 0 0 0
 2  8 11 50 77  8  75 40 41 1.36179 0 0 0 0 0 0 0 0 0 0 0
 8 13 14 67 71 12 308 41 81 1.42185 0 0 0 0 0 0 0 0 0 0 0
 5 12 12 43 65 19 111 33 72 0.87232 0 0 0 0 0 0 0 0 0 0 0
13 11  6 48 87 15 230 35 77 0.62752 0 0 0 0 0 0 0 0 0 0 0
 7  4  5 67 87  6 262 33 79 1.31260 0 0 0 0 0 0 0 0 0 0 0
11 12  3 56 87 24  91 48 61 0.78235 0 0 0 0 0 0 0 0 0 0 0
 4  7  8 31 82 12  35 35 62 1.95282 0 0 0 0 0 0 0 0 0 0 0
 2  6  7 68 61 14  19 40 89 0.51720 0 0 0 0 0 0 0 0 0 0 0
 3  8 11 40 88 11 282 32 93 1.13855 0 0 0 0 0 0 0 0 0 0 0
 3  8 13 34 63 18 149 39 47 1.64353 0 0 0 0 0 0 0 0 0 0 0
11  6  7 61 75 15 158 41 49 1.04826 0 0 0 0 0 0 0 0 0 0 0
 3  3  9 39 72 16 114 48 80 0.83448 0 0 0 0 0 0 0 0 0 0 0
11  7  3 39 71 14 175 40 62 0.09999 0 0 0 0 0 0 0 0 0 0 0
 8  5  7 65 80 14 197 33 38 1.98051 0 0 0 0 0 0 0 0 0 0 0
11 10  7 66 73 19 120 36 33 0.23784 0 0 0 0 0 0 0 0 0 0 0
14  8  4 61 85 15 173 43 56 0.72920 0 0 0 0 0 0 0 0 0 0 0
 9 10 12 54 78 15  73 43 71 1.52759 0 0 0 0 0 0 0 0 0 0 0
 5  3  7 27 88  5 134 33 69 0.74074 0 0 0 0 0 0 0 0 0 0 0
10  4 15 62 88 16  91 43 61 1.73869 0 0 0 0 0 0 0 0 0 0 0
11 11 10 47 78 18 293 40 49 0.60127 0 0 0 0 0 0 0 0 0 0 0
 7  4 13 51 86 14 117 40 91 1.19408 0 0 0 0 0 0 0 0 0 0 0
 9  9  5 47 65  8 317 47 66 0.63956 0 0 0 0 0 0 0 0 0 0 0
 9  5  4 24 85 11 196 42 51 1.90607 0 0 0 0 0 0 0 0 0 0 0
 8  3 12 49 66 11 187 33 70 0.78389 0 0 0 0 0 0 0 0 0 0 0
 2 12  8 48 63 16  90 43 94 0.90655 0 0 0 0 0 0 0 0 0 0 0
 3  6  8 54 86 10 154 50 74 1.66493 0 0 0 0 0 0 0 0 0 0 0
 4  4  7 56 75 11   1 43 71 1.99442 0 0 0 0 0 0 0 0 0 0 0
14 11  6 30 88 19  80 39 65 0.36169 0 0 0 0 0 0 0 0 0 0 0
 4  5  5 27 65 12 314 49 67 0.72273 0 0 0 0 0 0 0 0 0 0 0
15 11 13 62 63 14 323 46 63 1.14584 0 0 0 0 0 0 0 0 0 0 0
11  6 12 60 69 17 288 45 48 0.60477 0 0 0 0 0 0 0 0 0 0 0
15 12  5 24 82  9 351 35 71 1.75075 0 0 0 0 0 0 0 0 0 0 0
15 13  6 56 79 17  47 37 40 1.02496 0 0 0 0 0 0 0 0 0 0 0
 4  6 11 31 67 14 151 43 48 0.76756 0 0 0 0 0 0 0 0 0 0 0
11  4 10 50 69 10 308 33 58 1.54226 0 0 0 0 0 0 0 0 0 0 0
10  7  6 61 61  6 325 42 37 1.40242 0 0 0 0 0 0 0 0 0 0 0
 6 12  2 36 72 19 311 41 92 0.93702 0 0 0 0 0 0 0 0 0 0 0
 6  3  9 26 76 18  89 45 44 0.59126 0 0 0 0 0 0 0 0 0 0 0
 9  8 10 40 98 13 355 49 67 1.88505 0 0 0 0 0 0 0 0 0 0 0
 5  2 12 47 70 10  77 34 70 0.91343 0 0 0 0 0 0 0 0 0 0 0
 4 13  4 47 69 17 114 36 33 0.79543 0 0 0 0 0 0 0 0 0 0 0
 5  6 12 51 65  0 179 49 68 0.76636 0 0 0 0 0 0 0 0 0 0 0
 7 10  9 54 62  8 132 38 52 0.93617 0 0 0 0 0 0 0 0 0 0 0
12  4 12 59 76 12 282 38 86 0.46627 0 0 0 0 0 0 0 0 0 0 0
 3 11 10 64 96  8 264 41 35 1.65696 0 0 0 0 0 0 0 0 0 0 0
 9  7  9 41 68 15 196 31 88 1.73644 0 0 0 0 0 0 0 0 0 0 0
12 13  5 51 66 14 155 40 37 1.96367 0 0 0 0 0 0 0 0 0 0 0
12 11  2 35 70  7 294 31 46 1.13225 0 0 0 0 0 0 0 0 0 0 0
 8  3  4 63 83 19 344 32 73 1.03200 0 0 0 0 0 0 0 0 0 0 0
 6 11 11 51 88 14 128 40 74 0.96574 0 0 0 0 0 0 0 0 0 0 0
 6 15 10 28 71 12 185 43 88 1.39665 0 0 0 0 0 0 0 0 0 0 0
10  5  5 49 83 16 127 48 38 0.51570 0 0 0 0 0 0 0 0 0 0 0
13 15  7 48 69 15 220 32 52 1.17945 0 0 0 0 0 0 0 0 0 0 0
 8 10  9 65 76 13 295 45 33 1.51051 0 0 0 0 0 0 0 0 0 0 0
 3  4  3 55 83 22  73 49 48 0.64310 0 0 0 0 0 0 0 0 0 0 0
 8  9 13 43 93 13  79 41 58 1.53751 0 0 0 0 0 0 0 0 0 0 0
13 11  4 47 95  3 146 34 33 0.70080 0 0 0 0 0 0 0 0 0 0 0
 3 10 12 29 97  6 211 44 67 0.52042 0 0 0 0 0 0 0 0 0 0 0
 7 12 11 63 68 19  99 40 44 1.62119 0 0 0 0 0 0 0 0 0 0 0
 7  7  9 38 73 19 127 41 92 0.57451 0 0 0 0 0 0 0 0 0 0 0
 4  8  5 42 100 13 243 44 36 1.32336 0 0 0 0 0 0 0 0 0 0 0
 5  4  5 54 86  5 229 43 61 1.81029 0 0 0 0 0 0 0 0 0 0 0
12  9  5 59 66  8  36 44 36 0.80295 0 0 0 0 0 0 0 0 0 0 0
14 12 14 44 82 10 125 50 87 1.50381 0 0 0 0 0 0 0 0 0 0 0
 8 10 12 41 60  6 335 34 84 0.67611 0 0 0 0 0 0 0 0 0 0 0
 6 14 10 42 79  6 160 47 46 0.15761 0 0 0 0 0 0 0 0 0 0 0
11  7  3 32 96  5 224 36 36 1.98433 0 0 0 0 0 0 0 0 0 0 0
12  7  6 22 72 14 341 35 48 1.42996 0 0 0 0 0 0 0 0 0 0 0
 5 11  8 43 74 12  55 39 100 1.03958 0 0 0 0 0 0 0 0 0 0 0
 7  3  7 67 71 10  32 42 66 0.12673 0 0 0 0 0 0 0 0 0 0 0
 5 13  7 36 94 17 251 49 86 0.99659 0 0 0 0 0 0 0 0 0 0 0
 5  4 12 38 99 14 148 47 79 1.48047 0 0 0 0 0 0 0 0 0 0 0
10 11  9 51 97  9  29 42 86 1.08336 0 0 0 0 0 0 0 0 0 0 0
 7  7  6 23 81 19 308 31 95 0.99991 0 0 0 0 0 0 0 0 0 0 0
10  8  3 28 72 12 148 39 66 1.56619 0 0 0 0 0 0 0 0 0 0 0
14  8  4 31 63  5 105 35 63 1.84849 0 0 0 0 0 0 0 0 0 0 0
14 10 12 28 96 14 177 44 86 0.27718 0 0 0 0 0 0 0 0 0 0 0
 9 13 12 60 99 16 222 39 63 1.69120 0 0 0 0 0 0 0 0 0 0 0
 2  4  4 55 82  6 276 50 89 1.54371 0 0 0 0 0 0 0 0 0 0 0
 5  6 14 27 83 17 142 42 50 1.94444 0 0 0 0 0 0 0 0 0 0 0
 7  9  9 44 90 21   4 33 86 1.07274 0 0 0 0 0 0 0 0 0 0 0
14 11 12 47 88  6 143 31 56 1.85746 0 0 0 0 0 0 0 0 0 0 0
14 10  2 44 88 14 261 36 76 1.13553 0 0 0 0 0 0 0 0 0 0 0
10  9 14 61 81 11  40 36 60 0.84955 0 0 0 0 0 0 0 0 0 0 0
10  8 12 56 82  5  67 35 74 1.23750 0 0 0 0 0 0 0 0 0 0 0
11  9 10 54 100 11  32 33 33 0.77709 0 0 0 0 0 0 0 0 0 0 0
 2  3  6 21 60 15 169 30 90 1.57820 0 0 0 0 0 0 0 0 0 0 0
 9  9 10 51 91  5 108 32 63 0.16015 0 0 0 0 0 0 0 0 0 0 0
13 14 10 55 62  8  85 39 72 0.59972 0 0 0 0 0 0 0 0 0 0 0
 3 11  6 50 97 24 178 49 76 0.20288 0 0 0 0 0 0 0 0 0 0 0
 4  8  3 29 70 11 215 33 45 0.19612 0 0 0 0 0 0 0 0 0 0 0
 5  7  8 46 85  9  69 39 38 0.69687 0 0 0 0 0 0 0 0 0 0 0
15  4  3 28 68 12 346 32 75 0.31119 0 0 0 0 0 0 0 0 0 0 0
11  6 14 57 82  3  38 47 65 0.88314 0 0 0 0 0 0 0 0 0 0 0
 2 11  5 62 64 22 238 34 62 0.33091 0 0 0 0 0 0 0 0 0 0 0
 6  5  6 21 95 10  39 48 63 0.32356 0 0 0 0 0 0 0 0 0 0 0
12 15  8 32 76  3 249 42 53 1.00354 0 0 0 0 0 0 0 0 0 0 0
 5 12  3 29 78 20 266 42 72 1.40834 0 0 0 0 0 0 0 0 0 0 0
 7 10  9 28 65 14  86 47 81 0.12325 0 0 0 0 0 0 0 0 0 0 0
 8  3  9 45 88 16   2 39 71 1.45930 0 0 0 0 0 0 0 0 0 0 0
 5  8  5 28 68  5 155 47 40 0.90048 0 0 0 0 0 0 0 0 0 0 0
13 11  7 60 61  5 106 45 39 1.92543 0 0 0 0 0 0 0 0 0 0 0
 3  8 10 20 76 13 346 38 74 1.14367 0 0 0 0 0 0 0 0 0 0 0
11  7  4 24 88 10   4 42 83 0.52390 0 0 0 0 0 0 0 0 0 0 0
12 14  7 36 65 19 154 36 49 1.17147 0 0 0 0 0 0 0 0 0 0 0
 6 14  9 28 73 21  99 44 71 0.76439 0 0 0 0 0 0 0 0 0 0 0
 9  6 13 32 100 14 158 43 75 0.00522 0 0 0 0 0 0 0 0 0 0 0
 2  8 14 30 91 15 207 46 70 1.45921 0 0 0 0 0 0 0 0 0 0 0
 4  7 14 42 92 17 338 39 81 1.11472 0 0 0 0 0 0 0 0 0 0 0
12  5 13 30 69 13 206 34 61 0.62589 0 0 0 0 0 0 0 0 0 0 0
12 14 12 49 67 13  68 43 99 1.91488 0 0 0 0 0 0 0 0 0 0 0
14 10  3 62 90  9  40 42 88 0.62712 0 0 0 0 0 0 0 0 0 0 0
 2  7  8 66 93 10  61 32 81 0.10550 0 0 0 0 0 0 0 0 0 0 0
 8  9  8 38 61 18  84 43 52 0.59551 0 0 0 0 0 0 0 0 0 0 0
 2 12  9 21 63 23 125 43 43 0.08555 0 0 0 0 0 0 0 0 0 0 0
 5 11 12 30 69  7  83 45 58 1.94293 0 0 0 0 0 0 0 0 0 0 0
13 10  7 46 63 15  65 39 98 0.16018 0 0 0 0 0 0 0 0 0 0 0
 7  9 12 32 80 16 163 34 43 0.87712 0 0 0 0 0 0 0 0 0 0 0
13 11  3 29 85 12 335 46 79 0.72411 0 0 0 0 0 0 0 0 0 0 0
14  8 12 37 96  9  97 35 64 1.90054 0 0 0 0 0 0 0 0 0 0 0
 7  8  4 50 83 13  31 34 82 0.61576 0 0 0 0 0 0 0 0 0 0 0
 6  7 13 66 62 15 286 40 34 1.99212 0 0 0 0 0 0 0 0 0 0 0
11  6  4 66 75 14 177 31 71 0.26337 0 0 0 0 0 0 0 0 0 0 0
14 14 15 59 75  5  25 48 65 0.25997 0 0 0 0 0 0 0 0 0 0 0
 8  7 13 25 83  6  12 41 90 1.56988 0 0 0 0 0 0 0 0 0 0 0
 8  7  2 46 68 14 237 34 60 0.74197 0 0 0 0 0 0 0 0 0 0 0
10  4  4 57 81 10 216 35 31 0.30802 0 0 0 0 0 0 0 0 0 0 0
 8  3  6 53 87 12 163 33 42 1.44535 0 0 0 0 0 0 0 0 0 0 0
 9 10 10 64 64  8  63 39 49 1.16410 0 0 0 0 0 0 0 0 0 0 0
11 10  4 29 68 12 179 41 88 1.47163 0 0 0 0 0 0 0 0 0 0 0
12 14 15 39 72 20  21 41 49 1.10406 0 0 0 0 0 0 0 0 0 0 0
 3 10  4 44 92 15 273 40 89 0.20487 0 0 0 0 0 0 0 0 0 0 0
 9 14  8 52 77  8 196 37 53 0.37094 0 0 0 0 0 0 0 0 0 0 0
 9  7  5 64 75  6 302 44 99 1.64612 0 0 0 0 0 0 0 0 0 0 0
 9  5 13 41 75 18  93 48 43 1.68584 0 0 0 0 0 0 0 0 0 0 0
 6  9 11 38 92 19  97 34 97 0.96626 0 0 0 0 0 0 0 0 0 0 0
 9  8 13 36 89  9 260 36 68 0.89643 0 0 0 0 0 0 0 0 0 0 0
 8  8  5 38 61  2  12 44 38 0.87184 0 0 0 0 0 0 0 0 0 0 0
 6  3  8 25 61 16 222 38 32 1.15667 0 0 0 0 0 0 0 0 0 0 0
15  4 12 65 63 11 170 48 51 0.27484 0 0 0 0 0 0 0 0 0 0 0
10  4  2 38 84  7 256 36 86 0.04085 0 0 0 0 0 0 0 0 0 0 0
 5 14  5 48 80 19 216 34 92 1.67048 0 0 0 0 0 0 0 0 0 0 0
 6 14 12 42 63 15 267 40 85 0.82943 0 0 0 0 0 0 0 0 0 0 0
13 15 15 49 79 17  24 41 89 1.63447 0 0 0 0 0 0 0 0 0 0 0
13 15  6 33 82 15 329 38 31 0.87703 0 0 0 0 0 0 0 0 0 0 0
13  8  6 21 93 14  41 50 53 0.36541 0 0 0 0 0 0 0 0 0 0 0
11  2  7 58 70 17 319 38 73 1.47082 0 0 0 0 0 0 0 0 0 0 0
10  6 13 57 81 18  44 45 36 1.75407 0 0 0 0 0 0 0 0 0 0 0
 5 14  9 25 95 18 287 32 63 1.47685 0 0 0 0 0 0 0 0 0 0 0
 6 15 13 66 78 18 352 33 39 0.17041 0 0 0 0 0 0 0 0 0 0 0
 8  7  5 60 83 11 287 33 69 1.80009 0 0 0 0 0 0 0 0 0 0 0
 9 12  5 29 66 19 292 43 62 0.68233 0 0 0 0 0 0 0 0 0 0 0
 3  5  9 27 90 11 310 42 44 1.67957 0 0 0 0 0 0 0 0 0 0 0
13  2 13 22 95  3 191 49 80 0.98894 0 0 0 0 0 0 0 0 0 0 0
14  4  9 36 63 18   5 46 35 1.77351 0 0 0 0 0 0 0 0 0 0 0
14 10  8 64 67 17 233 31 53 1.10223 0 0 0 0 0 0 0 0 0 0 0
13  5 13 47 79  9 201 49 43 0.27123 0 0 0 0 0 0 0 0 0 0 0
10 13  5 59 87 16  62 43 70 0.02023 0 0 0 0 0 0 0 0 0 0 0
12  9  3 25 100  9  89 37 100 1.02824 0 0 0 0 0 0 0 0 0 0 0
14 11  7 51 99  7 161 33 68 1.98496 0 0 0 0 0 0 0 0 0 0 0
 5 10  4 60 79  8 183 45 60 0.02993 0 0 0 0 0 0 0 0 0 0 0
 3  5  5 69 67 14 333 31 36 0.64491 0 0 0 0 0 0 0 0 0 0 0
 9  8  4 48 90 20 337 48 49 1.31751 0 0 0 0 0 0 0 0 0 0 0
12 10 13 59 68  6  67 46 77 1.60730 0 0 0 0 0 0 0 0 0 0 0
10 10  9 37 63 22 208 34 87 0.68457 0 0 0 0 0 0 0 0 0 0 0
12 14  7 69 84 18 178 36 75 0.18763 0 0 0 0 0 0 0 0 0 0 0
11  3 11 32 82 19 146 40 39 0.55075 0 0 0 0 0 0 0 0 0 0 0
 7  5  5 33 92 22  99 32 57 1.92043 0 0 0 0 0 0 0 0 0 0 0
15  3 15 58 75  9  70 36 96 1.04253 0 0 0 0 0 0 0 0 0 0 0
11 10 14 26 79 12 304 40 62 0.93707 0 0 0 0 0 0 0 0 0 0 0
 6  7  3 41 93  3  41 44 33 1.04431 0 0 0 0 0 0 0 0 0 0 0
13  3 15 24 80 17 212 37 41 1.21410 0 0 0 0 0 0 0 0 0 0 0
11 13 15 34 97  6 120 35 51 0.88439 0 0 0 0 0 0 0 0 0 0 0
 9 12 11 70 80 16  26 31 51 1.56877 0 0 0 0 0 0 0 0 0 0 0
 9  3  7 42 82 18 182 41 62 0.00146 0 0 0 0 0 0 0 0 0 0 0
 9 11  4 47 64 22 209 41 87 0.70553 0 0 0 0 0 0 0 0 0 0 0
 9  9 15 41 86 10 115 41 81 0.80143 0 0 0 0 0 0 0 0 0 0 0
 4 14  2 48 99 16 312 43 42 0.22431 0 0 0 0 0 0 0 0 0 0 0
14 10  2 58 85 16 263 45 39 1.81205 0 0 0 0 0 0 0 0 0 0 0
 4 15  8 27 91  5 123 49 76 1.75845 0 0 0 0 0 0 0 0 0 0 0
14  2 11 54 80 18  59 33 73 1.44515 0 0 0 0 0 0 0 0 0 0 0
 4  5  4 43 60 16 119 33 80 0.67005 0 0 0 0 0 0 0 0 0 0 0
12  3 10 21 77 11 207 35 55 0.91589 0 0 0 0 0 0 0 0 0 0 0
 6 13  9 26 83  4 276 39 63 1.24676 0 0 0 0 0 0 0 0 0 0 0
10 15 14 38 100 22  24 46 92 0.26029 0 0 0 0 0 0 0 0 0 0 0
14 10 15 49 77 15 329 32 45 1.32928 0 0 0 0 0 0 0 0 0 0 0
12 12  3 27 100 12 354 34 38 1.28189 0 0 0 0 0 0 0 0 0 0 0
14  9  9 58 74 12  38 35 74 0.68500 0 0 0 0 0 0 0 0 0 0 0
11 11 14 22 75 13  60 33 96 0.65533 0 0 0 0 0 0 0 0 0 0 0
 9  8  3 23 78 22  29 46 59 0.29876 0 0 0 0 0 0 0 0 0 0 0
14  9 10 25 63 10 226 40 45 1.44195 0 0 0 0 0 0 0 0 0 0 0
 8  6  8 43 95 10  33 42 81 1.77821 0 0 0 0 0 0 0 0 0 0 0
 7 14 11 56 68 10  34 30 88 1.39272 0 0 0 0 0 0 0 0 0 0 0
 7  4  7 43 99  8  33 46 56 1.19348 0 0 0 0 0 0 0 0 0 0 0
12  5 11 69 71 15  44 37 61 1.26624 0 0 0 0 0 0 0 0 0 0 0
 8 13 12 50 77 22 350 37 90 0.02411 0 0 0 0 0 0 0 0 0 0 0
 9  8 10 53 97 13  26 41 54 0.80517 0 0 0 0 0 0 0 0 0 0 0
13 12  9 36 80 17 185 35 76 1.09188 0 0 0 0 0 0 0 0 0 0 0
 5 11 12 64 88 22 210 49 65 0.51146 0 0 0 0 0 0 0 0 0 0 0
 7  3  5 32 97  8 112 38 80 0.37883 0 0 0 0 0 0 0 0 0 0 0
 2 10  8 26 99 18 240 33 54 0.90717 0 0 0 0 0 0 0 0 0 0 0
 6  3 12 38 70 15  42 46 95 1.82157 0 0 0 0 0 0 0 0 0 0 0
15 11  8 21 82 26 191 48 94 1.39539 0 0 0 0 0 0 0 0 0 0 0
 3 13 13 61 77 10   8 33 67 0.13578 0 0 0 0 0 0 0 0 0 0 0
 7  5 10 56 72 17 248 41 45 0.35626 0 0 0 0 0 0 0 0 0 0 0
 6 14  6 30 84 23 341 32 86 0.46570 0 0 0 0 0 0 0 0 0 0 0
 4 11 11 42 64 12 106 46 88 1.01157 0 0 0 0 0 0 0 0 0 0 0
 5  9 10 56 72 16 282 44 86 1.40385 0 0 0 0 0 0 0 0 0 0 0
 3 14  6 24 98 14 297 32 88 0.94626 0 0 0 0 0 0 0 0 0 0 0
 7  3 13 27 77 17 143 34 81 1.52859 0 0 0 0 0 0 0 0 0 0 0
12 14  2 40 69 12 356 44 42 0.76160 0 0 0 0 0 0 0 0 0 0 0
12  3  6 38 74 27 265 44 79 0.07671 0 0 0 0 0 0 0 0 0 0 0
 7  6  6 31 94  0 264 39 75 1.15199 0 0 0 0 0 0 0 0 0 0 0
13  3  5 32 91 18 200 49 71 0.43760 0 0 0 0 0 0 0 0 0 0 0
14 15 13 47 75  7 191 47 80 0.17521 0 0 0 0 0 0 0 0 0 0 0
15  6  2 22 90  0 202 47 44 0.47782 0 0 0 0 0 0 0 0 0 0 0
 6  6 12 63 79 13 210 37 93 0.92560 0 0 0 0 0 0 0 0 0 0 0
 8  4  4 21 96 13 116 34 71 0.56427 0 0 0 0 0 0 0 0 0 0 0
 5 14 12 59 96 14  11 30 54 1.47308 0 0 0 0 0 0 0 0 0 0 0
 4  9  4 47 66 21 180 47 63 1.31926 0 0 0 0 0 0 0 0 0 0 0
 5 14  7 32 79 11 241 36 68 0.48928 0 0 0 0 0 0 0 0 0 0 0
10  8 11 34 78 24 359 47 73 0.34049 0 0 0 0 0 0 0 0 0 0 0
 3 14  8 43 80  9 146 35 44 0.87288 0 0 0 0 0 0 0 0 0 0 0
 7  9 14 25 74 18 205 32 33 0.29530 0 0 0 0 0 0 0 0 0 0 0
10  4  3 61 75 18 264 48 75 0.24433 0 0 0 0 0 0 0 0 0 0 0
 3  5 10 37 65  4 203 39 99 0.69579 0 0 0 0 0 0 0 0 0 0 0
 3  7  6 36 73  8  10 34 57 0.79534 0 0 0 0 0 0 0 0 0 0 0
14 12 12 62 83 18  36 47 90 0.80921 0 0 0 0 0 0 0 0 0 0 0
 7 14  6 63 69 16  17 47 63 0.61169 0 0 0 0 0 0 0 0 0 0 0
 6  5  6 36 63 18 205 49 39 1.54346 0 0 0 0 0 0 0 0 0 0 0
10 11 12 29 98 15  19 38 44 0.81242 0 0 0 0 0 0 0 0 0 0 0
 7  7 10 68 78  6  65 32 79 0.00150 0 0 0 0 0 0 0 0 0 0 0
11  9  3 64 100 16 126 34 46 0.90787 0 0 0 0 0 0 0 0 0 0 0
 9 14 11 60 65  5 349 35 59 0.66315 0 0 0 0 0 0 0 0 0 0 0
 3 10  5 21 71  9 133 35 88 0.41458 0 0 0 0 0 0 0 0 0 0 0
 9  2  9 58 74  9 269 47 60 0.23925 0 0 0 0 0 0 0 0 0 0 0
11 10 13 35 88 15 144 44 81 0.76007 0 0 0 0 0 0 0 0 0 0 0
10  5  3 34 77 24 300 46 40 0.80148 0 0 0 0 0 0 0 0 0 0 0
 7 12  4 25 94  9 233 48 74 0.13407 0 0 0 0 0 0 0 0 0 0 0
 8  2 15 67 72  4 240 46 37 1.68619 0 0 0 0 0 0 0 0 0 0 0
 2  6 13 51 66  4 130 34 45 1.89579 0 0 0 0 0 0 0 0 0 0 0
 7 13  5 51 94 19 338 47 85 1.14664 0 0 0 0 0 0 0 0 0 0 0
12 15 14 65 71 12 277 47 42 0.16258 0 0 0 0 0 0 0 0 0 0 0
 5 10 11 60 80 14 144 45 55 1.81589 0 0 0 0 0 0 0 0 0 0 0
 8 11  5 41 96 27 238 39 37 1.17113 0 0 0 0 0 0 0 0 0 0 0
12  6  4 45 73 16 285 39 85 1.77205 0 0 0 0 0 0 0 0 0 0 0
13 14 14 59 87 15  54 31 69 0.95473 0 0 0 0 0 0 0 0 0 0 0
10  4 13 47 89 19 179 37 37 1.80395 0 0 0 0 0 0 0 0 0 0 0
14  4  5 48 75 11 264 37 49 1.80737 0 0 0 0 0 0 0 0 0 0 0
12 14 12 27 98 16  73 43 47 0.26461 0 0 0 0 0 0 0 0 0 0 0
13  8  3 34 65 20   5 32 32 0.05180 0 0 0 0 0 0 0 0 0 0 0
11  8  5 50 69 21 128 37 81 1.37880 0 0 0 0 0 0 0 0 0 0 0
10  7  4 42 97 15  24 42 56 1.15317 0 0 0 0 0 0 0 0 0 0 0
 6  9  3 44 77  8 191 46 96 0.33636 0 0 0 0 0 0 0 0 0 0 0
14  5  6 30 85 10 185 36 70 0.06956 0 0 0 0 0 0 0 0 0 0 0
 2  6 14 53 81 14 171 31 83 1.69568 0 0 0 0 0 0 0 0 0 0 0
 6  5 11 28 71 18 349 32 51 0.96038 0 0 0 0 0 0 0 0 0 0 0
 7 13  9 57 79  5  79 36 95 1.52904 0 0 0 0 0 0 0 0 0 0 0
 6  4  2 61 71 11 190 44 74 0.89379 0 0 0 0 0 0 0 0 0 0 0
 5  4  7 58 94 14 187 43 62 0.67930 0 0 0 0 0 0 0 0 0 0 0
 4 10 14 45 81 21 306 39 33 1.65944 0 0 0 0 0 0 0 0 0 0 0
 7 11  3 41 87 12  44 42 96 0.64331 0 0 0 0 0 0 0 0 0 0 0
10 10  5 56 91 11 283 47 57 1.48133 0 0 0 0 0 0 0 0 0 0 0
14 10  7 44 92 12 243 46 99 0.68946 0 0 0 0 0 0 0 0 0 0 0
15 13 12 42 62 13 136 40 69 0.11624 0 0 0 0 0 0 0 0 0 0 0
 9 12 10 29 98  5 192 32 72 1.81267 0 0 0 0 0 0 0 0 0 0 0
 6  8 15 47 76  8 133 43 37 1.61526 0 0 0 0 0 0 0 0 0 0 0
13  8  6 27 80 14 212 32 88 0.28279 0 0 0 0 0 0 0 0 0 0 0
12 15 13 69 92 17 311 47 43 1.64746 0 0 0 0 0 0 0 0 0 0 0
 6 11  8 20 69  9 331 45 46 0.15039 0 0 0 0 0 0 0 0 0 0 0
 8 14 13 33 86 16 277 36 86 1.07632 0 0 0 0 0 0 0 0 0 0 0
 9  6  3 45 60 20 112 30 31 0.38912 0 0 0 0 0 0 0 0 0 0 0
12 11  7 45 68  3 272 38 51 1.69233 0 0 0 0 0 0 0 0 0 0 0
 4 13  7 63 79 17 310 34 74 1.03915 0 0 0 0 0 0 0 0 0 0 0
 5 14 13 32 88 23 171 46 68 0.18003 0 0 0 0 0 0 0 0 0 0 0
 5 14 13 24 95 15 224 31 82 1.23970 0 0 0 0 0 0 0 0 0 0 0
15  5 10 66 93  9 227 37 89 0.06596 0 0 0 0 0 0 0 0 0 0 0
12  3 15 37 86 14 186 32 84 1.12981 0 0 0 0 0 0 0 0 0 0 0
 7 11  2 64 62 12 119 48 88 0.18575 0 0 0 0 0 0 0 0 0 0 0
 7  5 12 36 77 16 140 34 38 1.22183 0 0 0 0 0 0 0 0 0 0 0
 7  6 14 69 62 12  25 46 75 1.19926 0 0 0 0 0 0 0 0 0 0 0
 7  8 10 40 87 19  18 45 45 0.89317 0 0 0 0 0 0 0 0 0 0 0
11 10  3 55 73 11 334 46 46 0.65240 0 0 0 0 0 0 0 0 0 0 0
 4 14  4 34 97 15 123 39 83 1.24598 0 0 0 0 0 0 0 0 0 0 0
 3  2  4 37 95 10 105 30 40 1.65326 0 0 0 0 0 0 0 0 0 0 0
13  9 15 67 96 13  29 46 36 1.75177 0 0 0 0 0 0 0 0 0 0 0
 7  3  6 69 67 20 105 35 90 0.90310 0 0 0 0 0 0 0 0 0 0 0
12  7  6 59 90 18  60 48 45 0.51963 0 0 0 0 0 0 0 0 0 0 0
 5 12 10 51 67  9  77 32 52 1.07545 0 0 0 0 0 0 0 0 0 0 0
 4 10 11 34 68 18 236 45 46 0.20918 0 0 0 0 0 0 0 0 0 0 0
 7 12 14 37 67 13  37 31 44 0.83125 0 0 0 0 0 0 0 0 0 0 0
 9  8 12 60 79 10 306 42 78 1.05521 0 0 0 0 0 0 0 0 0 0 0
14 10 10 44 66 16 152 35 46 1.38876 0 0 0 0 0 0 0 0 0 0 0
 4  2 12 63 65 16  56 30 62 0.43096 0 0 0 0 0 0 0 0 0 0 0
14  7 11 66 76 10 340 45 44 0.01438 0 0 0 0 0 0 0 0 0 0 0
 6  4 10 36 86 13 274 45 51 1.74055 0 0 0 0 0 0 0 0 0 0 0
11  5 10 51 74 18  17 47 94 0.61726 0 0 0 0 0 0 0 0 0 0 0
14  8  6 43 68 16 164 46 37 0.73970 0 0 0 0 0 0 0 0 0 0 0
 9 14 11 54 69 17 349 44 35 1.79080 0 0 0 0 0 0 0 0 0 0 0
 8  9 13 50 68 14 211 48 49 0.56452 0 0 0 0 0 0 0 0 0 0 0
 5 10  8 43 78 10 284 45 92 0.07867 0 0 0 0 0 0 0 0 0 0 0
10 10  3 59 74 19 229 32 73 0.49921 0 0 0 0 0 0 0 0 0 0 0
 6  9  9 52 81  2 327 50 79 1.88072 0 0 0 0 0 0 0 0 0 0 0
 2  5 10 50 89 15 158 45 81 1.50459 0 0 0 0 0 0 0 0 0 0 0
 4  9  5 46 74  6 205 38 60 0.61857 0 0 0 0 0 0 0 0 0 0 0
 7  3  4 46 95 23 199 36 80 1.34842 0 0 0 0 0 0 0 0 0 0 0
 6  5  7 65 96 12 229 44 50 1.74939 0 0 0 0 0 0 0 0 0 0 0
 4  6 13 29 84 13 298 38 40 1.97664 0 0 0 0 0 0 0 0 0 0 0
 5  3 10 63 93 14 267 34 67 0.53406 0 0 0 0 0 0 0 0 0 0 0
 6  9  4 23 91  9 183 44 46 0.65324 0 0 0 0 0 0 0 0 0 0 0
 4  6 13 57 77  8   6 41 79 1.25502 0 0 0 0 0 0 0 0 0 0 0
 5 10  8 67 77 15  53 38 53 0.57691 0 0 0 0 0 0 0 0 0 0 0
 3  5  8 68 64 15 129 45 32 0.98638 0 0 0 0 0 0 0 0 0 0 0
10 13  4 59 89 10 146 42 34 1.97370 0 0 0 0 0 0 0 0 0 0 0
 3 13 11 20 76  8 355 47 76 1.21958 0 0 0 0 0 0 0 0 0 0 0
 9 13 10 47 68 10 217 43 54 1.66799 0 0 0 0 0 0 0 0 0 0 0
12  6  3 34 71  8 343 37 45 0.00593 0 0 0 0 0 0 0 0 0 0 0
 6 13  8 21 72  9 141 33 83 1.95519 0 0 0 0 0 0 0 0 0 0 0
14  3 15 26 95  4 343 36 55 0.41992 0 0 0 0 0 0 0 0 0 0 0
13 10  5 46 74  6 236 39 74 0.97536 0 0 0 0 0 0 0 0 0 0 0
 8 10  6 47 76 17 200 35 52 0.29107 0 0 0 0 0 0 0 0 0 0 0
11 13 15 28 90 21  85 42 57 0.62021 0 0 0 0 0 0 0 0 0 0 0
13  9 15 42 71  4 149 42 76 1.33137 0 0 0 0 0 0 0 0 0 0 0
 6  8 10 45 69  7 136 45 90 0.82970 0 0 0 0 0 0 0 0 0 0 0
 8 12  9 40 66  3  38 40 44 1.14727 0 0 0 0 0 0 0 0 0 0 0
 6 13 14 30 78  9 298 44 71 1.22320 0 0 0 0 0 0 0 0 0 0 0
 6 14  7 63 91  9 134 44 85 1.03065 0 0 0 0 0 0 0 0 0 0 0
 6 13  5 26 67 10 187 41 66 0.88413 0 0 0 0 0 0 0 0 0 0 0
14 14  9 56 92  6  13 42 37 1.31418 0 0 0 0 0 0 0 0 0 0 0
10  7  5 44 95  9  24 40 76 1.46521 0 0 0 0 0 0 0 0 0 0 0
12  2 15 29 86  4 241 46 60 0.68488 0 0 0 0 0 0 0 0 0 0 0
 7 14  7 65 93 15 118 31 92 0.69758 0 0 0 0 0 0 0 0 0 0 0
 4  8  3 30 93 14 134 32 42 0.19208 0 0 0 0 0 0 0 0 0 0 0
12  9  5 22 82 26 221 48 83 0.48141 0 0 0 0 0 0 0 0 0 0 0
11 12  7 32 82 12 359 32 89 1.70806 0 0 0 0 0 0 0 0 0 0 0
 5  4  6 28 61 16   2 42 49 0.11285 0 0 0 0 0 0 0 0 0 0 0
 9 11  6 48 71  1 206 41 36 1.41357 0 0 0 0 0 0 0 0 0 0 0
 3  7  5 32 88 13  88 44 65 1.37241 0 0 0 0 0 0 0 0 0 0 0
 7 15  9 63 68 13 207 30 81 0.39926 0 0 0 0 0 0 0 0 0 0 0
10 11 12 54 88 14 186 31 79 0.83765 0 0 0 0 0 0 0 0 0 0 0
 4  7  7 49 78 17  36 47 78 1.36044 0 0 0 0 0 0 0 0 0 0 0
 8 12 13 47 80 16 202 42 81 0.00663 0 0 0 0 0 0 0 0 0 0 0
 7  7 12 26 63  5  37 32 56 0.65938 0 0 0 0 0 0 0 0 0 0 0
14 15 13 20 63  8 341 42 75 0.69747 0 0 0 0 0 0 0 0 0 0 0
10 12  6 65 92  9 164 47 37 0.00343 0 0 0 0 0 0 0 0 0 0 0
 2  5  6 47 77 18 174 34 97 1.72254 0 0 0 0 0 0 0 0 0 0 0
 9  5 14 49 90 12 256 47 98 1.79446 0 0 0 0 0 0 0 0 0 0 0
10  8  6 66 73 22 256 47 64 0.05556 0 0 0 0 0 0 0 0 0 0 0
 7  9  3 36 98 21 237 41 51 0.43456 0 0 0 0 0 0 0 0 0 0 0
13  9 11 21 90 12 218 30 77 0.99156 0 0 0 0 0 0 0 0 0 0 0
 9  2  8 48 61 11  94 35 76 1.07885 0 0 0 0 0 0 0 0 0 0 0
11  9  6 22 87 11 132 37 79 1.57728 0 0 0 0 0 0 0 0 0 0 0
 5  9 12 35 90 17  10 30 45 0.65279 0 0 0 0 0 0 0 0 0 0 0
 6  8 12 63 91 11 172 42 95 0.56025 0 0 0 0 0 0 0 0 0 0 0
10  5  7 27 96  6 281 30 51 0.42120 0 0 0 0 0 0 0 0 0 0 0
 6 11  4 35 86  9  33 32 72 1.00560 0 0 0 0 0 0 0 0 0 0 0
 8 15 15 37 74 19 185 32 52 1.59327 0 0 0 0 0 0 0 0 0 0 0
 9  8 14 55 96  5 169 35 65 0.67109 0 0 0 0 0 0 0 0 0 0 0
 8 14 11 31 93 22 146 34 63 0.46948 0 0 0 0 0 0 0 0 0 0 0
11  7 13 24 75 18 280 45 72 0.83639 0 0 0 0 0 0 0 0 0 0 0
12 13 13 55 77 25  82 43 84 0.86076 0 0 0 0 0 0 0 0 0 0 0
 8  5 10 54 80  8 299 45 70 1.89141 0 0 0 0 0 0 0 0 0 0 0
 5 15  3 60 98  2 161 36 61 1.87796 0 0 0 0 0 0 0 0 0 0 0
 2 10 14 50 89 18  22 48 34 1.42953 0 0 0 0 0 0 0 0 0 0 0
 8 10 11 57 65 11 217 44 96 1.24984 0 0 0 0 0 0 0 0 0 0 0
13 13 10 30 66 16 291 40 50 0.49527 0 0 0 0 0 0 0 0 0 0 0
 6  5  8 51 92  2 243 34 73 0.53728 0 0 0 0 0 0 0 0 0 0 0
13  7  6 23 69 15 120 39 90 0.66993 0 0 0 0 0 0 0 0 0 0 0
 6 14 12 70 81 16 137 46 41 0.95084 0 0 0 0 0 0 0 0 0 0 0
13  7  7 40 86 12 319 40 45 1.09386 0 0 0 0 0 0 0 0 0 0 0
 8  4  7 55 63 13  66 47 69 1.11091 0 0 0 0 0 0 0 0 0 0 0
 9  7 13 50 97 14 124 47 83 0.47066 0 0 0 0 0 0 0 0 0 0 0
13  9 12 52 68 16 338 40 44 1.27529 0 0 0 0 0 0 0 0 0 0 0
 8  7  7 42 60 22  61 33 71 1.72223 0 0 0 0 0 0 0 0 0 0 0
12 12 14 27 89 24 360 49 59 0.82118 0 0 0 0 0 0 0 0 0 0 0
 4  8 13 56 90 14 243 33 75 1.79723 0 0 0 0 0 0 0 0 0 0 0
 8  2  5 40 63 21 329 30 96 1.43464 0 0 0 0 0 0 0 0 0 0 0
11 15  6 49 78 16 115 34 50 0.95238 0 0 0 0 0 0 0 0 0 0 0
14  4 11 63 83  9 312 48 83 1.01856 0 0 0 0 0 0 0 0 0 0 0
 3 10  2 57 87 14 214 44 37 1.38990 0 0 0 0 0 0 0 0 0 0 0
13 14  5 36 88 22  40 41 67 0.32027 0 0 0 0 0 0 0 0 0 0 0
 5  8 11 23 63  7 167 50 41 1.99465 0 0 0 0 0 0 0 0 0 0 0
 4 10  7 66 98 15  13 40 40 1.32403 0 0 0 0 0 0 0 0 0 0 0
 9 11  7 69 83  9 149 32 72 0.71305 0 0 0 0 0 0 0 0 0 0 0
 9  7 15 36 75 19  82 47 35 0.34567 0 0 0 0 0 0 0 0 0 0 0
 5  5  8 61 75  8  31 45 73 0.58482 0 0 0 0 0 0 0 0 0 0 0
 4  2 12 67 79 19 145 46 76 0.86464 0 0 0 0 0 0 0 0 0 0 0
10  2 11 39 69 12  98 36 50 1.47010 0 0 0 0 0 0 0 0 0 0 0
 6  8 10 56 91 11 285 40 62 1.59099 0 0 0 0 0 0 0 0 0 0 0
12 11  8 35 62 16 282 30 46 0.15008 0 0 0 0 0 0 0 0 0 0 0
11  5  5 35 71 15  89 45 62 1.49892 0 0 0 0 0 0 0 0 0 0 0
 7 15  6 45 92 12   8 40 62 1.13365 0 0 0 0 0 0 0 0 0 0 0
 6  5 11 42 91 15  67 35 88 1.51796 0 0 0 0 0 0 0 0 0 0 0
 5  3 10 52 61 21  81 39 48 1.16808 0 0 0 0 0 0 0 0 0 0 0
13 13 10 38 80  9  45 34 90 1.58369 0 0 0 0 0 0 0 0 0 0 0
 5  2 13 63 90 13   6 30 75 1.77740 0 0 0 0 0 0 0 0 0 0 0
 8  9 12 64 81 20 279 31 40 1.74600 0 0 0 0 0 0 0 0 0 0 0
10 15  8 34 67 17 244 49 51 0.52754 0 0 0 0 0 0 0 0 0 0 0
12 15  6 65 72 16 269 43 83 1.30736 0 0 0 0 0 0 0 0 0 0 0
14 11  3 33 66 16 171 31 51 0.14696 0 0 0 0 0 0 0 0 0 0 0
12 10  3 34 95  7 161 43 81 1.08864 0 0 0 0 0 0 0 0 0 0 0
 2 13  2 63 67  8 313 47 40 0.51719 0 0 0 0 0 0 0 0 0 0 0
 7  3 10 60 88 15 116 40 79 1.25154 0 0 0 0 0 0 0 0 0 0 0
 7  3  8 52 85 11 137 48 39 0.23236 0 0 0 0 0 0 0 0 0 0 0
 7  7  4 62 70  5 284 41 61 1.27709 0 0 0 0 0 0 0 0 0 0 0
11 13  7 65 85  8 252 33 99 0.68600 0 0 0 0 0 0 0 0 0 0 0
 9 12 11 39 62 17 223 42 90 0.25236 0 0 0 0 0 0 0 0 0 0 0
 7  9  7 49 91 12 297 45 87 0.30206 0 0 0 0 0 0 0 0 0 0 0
13  4 10 63 64 13   0 41 40 0.01420 0 0 0 0 0 0 0 0 0 0 0
 4  9 14 38 100 27 202 49 85 0.73018 0 0 0 0 0 0 0 0 0 0 0
12  5 12 61 62 22 175 38 69 0.65382 0 0 0 0 0 0 0 0 0 0 0
13 11  9 68 79 16 235 39 79 1.20076 0 0 0 0 0 0 0 0 0 0 0
 8  2 11 60 68 18  91 30 96 0.75706 0 0 0 0 0 0 0 0 0 0 0
 9  3 12 53 91 11 165 44 75 1.85664 0 0 0 0 0 0 0 0 0 0 0
 4 15  8 34 74 15 120 47 83 1.99880 0 0 0 0 0 0 0 0 0 0 0
 4  4  8 62 97  9 308 37 59 0.47610 0 0 0 0 0 0 0 0 0 0 0
10 12 11 66 75 10 252 41 39 0.31952 0 0 0 0 0 0 0 0 0 0 0
12  5 13 48 64 11 307 47 93 1.85193 0 0 0 0 0 0 0 0 0 0 0
12  3  8 65 74 22 162 43 49 0.57611 0 0 0 0 0 0 0 0 0 0 0
 9 10  9 35 64 17 105 30 42 0.66600 0 0 0 0 0 0 0 0 0 0 0
 5 14 14 37 66 17 273 49 63 1.33010 0 0 0 0 0 0 0 0 0 0 0
11  6  8 35 68 18 100 47 47 0.38771 0 0 0 0 0 0 0 0 0 0 0
 8 10 12 46 76 14  11 48 74 0.48275 0 0 0 0 0 0 0 0 0 0 0
14  3  2 62 90 12   8 32 45 1.23778 0 0 0 0 0 0 0 0 0 0 0
 7 12  8 70 85  6 139 37 39 1.84130 0 0 0 0 0 0 0 0 0 0 0
11 12 10 53 79 16  63 38 76 0.09282 0 0 0 0 0 0 0 0 0 0 0
 9 11  5 43 69  2  71 34 32 0.58723 0 0 0 0 0 0 0 0 0 0 0
 5  4 12 26 74 16 194 36 92 1.40137 0 0 0 0 0 0 0 0 0 0 0
13  6  2 30 66 17 133 33 48 1.25109 0 0 0 0 0 0 0 0 0 0 0
12 11 14 68 69 12  49 44 93 1.48226 0 0 0 0 0 0 0 0 0 0 0
14  6  5 59 83 15 349 45 65 1.38863 0 0 0 0 0 0 0 0 0 0 0
 9 12 10 43 71  6 288 36 83 0.02061 0 0 0 0 0 0 0 0 0 0 0
10 14 14 57 70 14 243 42 92 1.84677 0 0 0 0 0 0 0 0 0 0 0
 2 13 13 57 71 20  10 41 67 0.47791 0 0 0 0 0 0 0 0 0 0 0
14 15  6 33 93 14 181 42 48 0.06859 0 0 0 0 0 0 0 0 0 0 0
 4 14  2 54 90 25 232 34 37 0.32205 0 0 0 0 0 0 0 0 0 0 0
 5  7 13 41 85 20 317 34 33 1.79107 0 0 0 0 0 0 0 0 0 0 0
 6 11 13 67 76 28 104 43 34 1.00929 0 0 0 0 0 0 0 0 0 0 0
 9  3  5 34 67  3   1 45 70 1.17937 0 0 0 0 0 0 0 0 0 0 0
 7 11  3 64 82  7 138 42 51 0.26938 0 0 0 0 0 0 0 0 0 0 0
12 13 10 25 67  5 334 34 32 1.62306 0 0 0 0 0 0 0 0 0 0 0
12  7  9 53 83 23 325 37 42 1.27857 0 0 0 0 0 0 0 0 0 0 0
 3 12 14 53 65  8 116 48 94 0.80067 0 0 0 0 0 0 0 0 0 0 0
11  8 15 53 94  5 115 48 43 1.74245 0 0 0 0 0 0 0 0 0 0 0
 8 13  5 24 77 10 217 45 71 0.10541 0 0 0 0 0 0 0 0 0 0 0
 3  2  3 58 75  7 163 47 89 0.92394 0 0 0 0 0 0 0 0 0 0 0
11  8  9 63 75  8 274 49 48 0.39306 0 0 0 0 0 0 0 0 0 0 0
10 10  5 54 83  7  76 41 96 0.63278 0 0 0 0 0 0 0 0 0 0 0
14  8 10 35 98 14 245 38 74 0.05022 0 0 0 0 0 0 0 0 0 0 0
 9 14  4 67 63 16 291 48 77 0.12050 0 0 0 0 0 0 0 0 0 0 0
 4 12  7 31 90 17 238 35 38 0.51552 0 0 0 0 0 0 0 0 0 0 0
 7  9  9 47 91 15 294 47 73 1.80270 0 0 0 0 0 0 0 0 0 0 0
 6 14  7 37 72 18 136 38 50 0.84550 0 0 0 0 0 0 0 0 0 0 0
 5  8  7 28 65 10 234 50 37 1.25888 0 0 0 0 0 0 0 0 0 0 0
10 12  4 60 86 10 149 50 49 1.04772 0 0 0 0 0 0 0 0 0 0 0
 8  5  4 37 98 20 240 36 58 0.15070 0 0 0 0 0 0 0 0 0 0 0
 3  7  8 55 90 23  61 43 52 0.88600 0 0 0 0 0 0 0 0 0 0 0
 9 15  8 67 93 13 164 42 33 1.48233 0 0 0 0 0 0 0 0 0 0 0
 9  6 12 47 97 15  89 42 94 1.18830 0 0 0 0 0 0 0 0 0 0 0
14  9 14 44 99 16 137 40 75 0.30380 0 0 0 0 0 0 0 0 0 0 0
 9 12 13 51 72  6 148 36 96 1.03282 0 0 0 0 0 0 0 0 0 0 0
 5 10  8 30 68 14  21 32 48 1.03042 0 0 0 0 0 0 0 0 0 0 0
 5  4  8 25 87 28 161 42 38 0.43824 0 0 0 0 0 0 0 0 0 0 0
 6  3 14 21 63 15 222 34 71 1.71500 0 0 0 0 0 0 0 0 0 0 0
12 11 11 45 81 12 145 44 91 0.25212 0 0 0 0 0 0 0 0 0 0 0
 8  3 11 23 72 10  77 45 55 0.42285 0 0 0 0 0 0 0 0 0 0 0
 8 10  4 59 93 10 109 37 75 0.81866 0 0 0 0 0 0 0 0 0 0 0
 6 10 10 70 78 11  80 38 56 1.57236 0 0 0 0 0 0 0 0 0 0 0
 4  5  5 31 69 10  48 44 89 1.99129 0 0 0 0 0 0 0 0 0 0 0
10  9 10 54 73 10  78 43 68 1.83463 0 0 0 0 0 0 0 0 0 0 0
 5 14  4 41 84 14 119 44 59 0.80054 0 0 0 0 0 0 0 0 0 0 0
 5  8  5 35 96  9 304 33 94 1.20246 0 0 0 0 0 0 0 0 0 0 0
 3 13 11 50 62 17 208 47 45 0.63587 0 0 0 0 0 0 0 0 0 0 0
 6 10 10 54 63 15 116 38 40 1.64169 0 0 0 0 0 0 0 0 0 0 0
 7 14 10 45 96 10 321 47 38 1.66191 0 0 0 0 0 0 0 0 0 0 0
15  9 11 47 68 15 102 45 42 0.45697 0 0 0 0 0 0 0 0 0 0 0
14 13  7 25 71 10  66 50 32 0.79106 0 0 0 0 0 0 0 0 0 0 0
 7 10  6 46 97  9  26 42 50 0.30391 0 0 0 0 0 0 0 0 0 0 0
12  5 13 26 63  4 252 33 83 0.31969 0 0 0 0 0 0 0 0 0 0 0
 7 14  6 31 71  9  81 38 42 0.96739 0 0 0 0 0 0 0 0 0 0 0
 3 14 13 55 90 10 147 35 93 0.02503 0 0 0 0 0 0 0 0 0 0 0
14  8  8 41 69  4 271 33 82 1.63984 0 0 0 0 0 0 0 0 0 0 0
 3 10  8 30 82 15 254 39 53 0.61908 0 0 0 0 0 0 0 0 0 0 0
 8 13  7 34 77  5 172 47 58 0.43540 0 0 0 0 0 0 0 0 0 0 0
 9 13 12 48 94 13 112 38 97 0.63673 0 0 0 0 0 0 0 0 0 0 0
 4  9  3 21 85 26 168 30 67 0.58447 0 0 0 0 0 0 0 0 0 0 0
 7  2  9 70 97 18  31 31 88 0.48404 0 0 0 0 0 0 0 0 0 0 0
12  8 11 21 67 12 124 45 76 0.16403 0 0 0 0 0 0 0 0 0 0 0
 6  6  9 37 82 23 270 34 42 0.19441 0 0 0 0 0 0 0 0 0 0 0
10 12 14 57 97 14 284 42 93 0.45762 0 0 0 0 0 0 0 0 0 0 0
 3  2  6 52 62 10 220 42 78 0.39798 0 0 0 0 0 0 0 0 0 0 0
 9 13 11 52 97 18  96 32 92 1.71688 0 0 0 0 0 0 0 0 0 0 0
 7  9  5 66 90  8 233 34 64 1.02975 0 0 0 0 0 0 0 0 0 0 0
12  6  7 34 70 11 294 34 98 0.74400 0 0 0 0 0 0 0 0 0 0 0
 5  4  6 61 67  9  97 48 92 1.44090 0 0 0 0 0 0 0 0 0 0 0
14 15 10 40 96 17  64 39 96 0.43092 0 0 0 0 0 0 0 0 0 0 0
10  7 14 37 72 20 277 41 73 1.51950 0 0 0 0 0 0 0 0 0 0 0
13  5 11 46 73 24 189 39 48 0.25899 0 0 0 0 0 0 0 0 0 0 0
 4  2 15 64 81 15  60 41 81 1.95624 0 0 0 0 0 0 0 0 0 0 0
 6 14  4 67 64 13 189 46 90 1.35245 0 0 0 0 0 0 0 0 0 0 0
 4 10  6 50 68 11  48 38 48 0.51883 0 0 0 0 0 0 0 0 0 0 0
 8 12 13 61 71  7 197 37 40 0.14386 0 0 0 0 0 0 0 0 0 0 0
10 12 10 33 71 18 253 44 36 0.61832 0 0 0 0 0 0 0 0 0 0 0
 5  9  6 63 100 16  86 44 99 1.59889 0 0 0 0 0 0 0 0 0 0 0
 4  4  7 29 63 19 285 36 94 0.36557 0 0 0 0 0 0 0 0 0 0 0
14 14  7 35 89 19 254 45 74 1.27704 0 0 0 0 0 0 0 0 0 0 0
 3 10  9 36 70 17 204 35 73 0.05352 0 0 0 0 0 0 0 0 0 0 0
 8 10 15 39 68 12 276 33 93 0.65339 0 0 0 0 0 0 0 0 0 0 0
 5 12 11 41 68 10 106 44 64 1.52962 0 0 0 0 0 0 0 0 0 0 0
15 10  5 58 68 10 228 50 43 1.82943 0 0 0 0 0 0 0 0 0 0 0
 8  7 11 56 100 15 155 42 64 0.75043 0 0 0 0 0 0 0 0 0 0 0
11  8  2 69 89  8 276 49 72 1.16015 0 0 0 0 0 0 0 0 0 0 0
11 11 12 22 78  9 360 43 46 1.98056 0 0 0 0 0 0 0 0 0 0 0
 2 12  6 31 95 23 259 32 62 0.91387 0 0 0 0 0 0 0 0 0 0 0
14  9 13 69 78  6  40 48 52 0.67039 0 0 0 0 0 0 0 0 0 0 0
13 13 12 38 73 10  55 40 61 0.13912 0 0 0 0 0 0 0 0 0 0 0
 2  5 13 33 100 14  53 41 85 0.32983 0 0 0 0 0 0 0 0 0 0 0
 3  9 10 60 81  6 142 42 72 1.41360 0 0 0 0 0 0 0 0 0 0 0
12 12 14 64 75 15 305 42 83 1.44815 0 0 0 0 0 0 0 0 0 0 0
15  5  4 22 75 13 101 38 90 1.07357 0 0 0 0 0 0 0 0 0 0 0
14 14  7 44 80 21  83 35 85 0.37825 0 0 0 0 0 0 0 0 0 0 0
12  5  8 57 64 12 113 35 59 0.24902 0 0 0 0 0 0 0 0 0 0 0
 6 14 13 34 82 10  67 50 51 0.43783 0 0 0 0 0 0 0 0 0 0 0
 4  4 13 31 71  6 305 37 46 1.91491 0 0 0 0 0 0 0 0 0 0 0
 9  7  4 45 65 17 335 39 52 1.53617 0 0 0 0 0 0 0 0 0 0 0
14 13  2 39 70 20  58 39 69 0.01030 0 0 0 0 0 0 0 0 0 0 0
10  3 10 32 65 23 256 35 76 1.03629 0 0 0 0 0 0 0 0 0 0 0
 3  7  8 42 82 13 215 47 51 1.07370 0 0 0 0 0 0 0 0 0 0 0
14  2 12 33 73  9 114 43 35 0.91855 0 0 0 0 0 0 0 0 0 0 0
14 10  8 62 76  5  78 37 91 0.00007 0 0 0 0 0 0 0 0 0 0 0
15 12 10 39 89  7 238 49 49 1.46873 0 0 0 0 0 0 0 0 0 0 0
 3 11  5 44 80 15  35 37 47 1.22346 0 0 0 0 0 0 0 0 0 0 0
 6 13  8 22 75 11 150 37 81 0.22383 0 0 0 0 0 0 0 0 0 0 0
14  5  7 22 76 16  25 40 53 1.47538 0 0 0 0 0 0 0 0 0 0 0
 9 14  7 63 96 12  34 50 38 1.39316 0 0 0 0 0 0 0 0 0 0 0
13  8  6 45 82 21 299 33 66 1.36774 0 0 0 0 0 0 0 0 0 0 0
 3  9 15 23 65 19 189 48 72 0.45780 0 0 0 0 0 0 0 0 0 0 0
 5  4 10 45 90 16  83 46 31 0.51636 0 0 0 0 0 0 0 0 0 0 0
14  9  5 45 68 20  34 46 46 0.40079 0 0 0 0 0 0 0 0 0 0 0
 3  3  6 23 62  7 171 37 34 0.19234 0 0 0 0 0 0 0 0 0 0 0
 7 11  3 34 98  2 121 30 36 1.43398 0 0 0 0 0 0 0 0 0 0 0
 4  7 13 49 78 22 284 31 37 1.98350 0 0 0 0 0 0 0 0 0 0 0
10 12 13 60 66 16 176 39 44 1.99666 0 0 0 0 0 0 0 0 0 0 0
14  3  6 46 72 12 208 43 32 0.35643 0 0 0 0 0 0 0 0 0 0 0
 2  3 11 69 87 11 187 42 48 0.78161 0 0 0 0 0 0 0 0 0 0 0
 9 15  6 39 94 18 261 50 92 1.14187 0 0 0 0 0 0 0 0 0 0 0
 9 12  7 46 68 16 153 46 60 0.17621 0 0 0 0 0 0 0 0 0 0 0
 8  5  9 30 78 13 294 46 41 0.32018 0 0 0 0 0 0 0 0 0 0 0
15  7  2 67 95 14  68 45 34 0.24639 0 0 0 0 0 0 0 0 0 0 0
13 11  9 66 82 34  40 41 49 1.08654 0 0 0 0 0 0 0 0 0 0 0
12 12  5 68 62 22  79 34 50 0.52664 0 0 0 0 0 0 0 0 0 0 0
 9 10  4 52 84 17  64 44 87 0.22854 0 0 0 0 0 0 0 0 0 0 0
 4 11  2 37 62 14 312 38 80 0.18883 0 0 0 0 0 0 0 0 0 0 0
 4  8  8 65 80  6  33 38 98 0.55800 0 0 0 0 0 0 0 0 0 0 0
12  4  7 69 97  3 290 36 83 1.68365 0 0 0 0 0 0 0 0 0 0 0
 9  6  6 63 79  9  56 36 35 1.17791 0 0 0 0 0 0 0 0 0 0 0
10 13  5 29 79 12 264 35 59 0.50471 0 0 0 0 0 0 0 0 0 0 0
14  5  3 36 62 23 138 44 93 1.56623 0 0 0 0 0 0 0 0 0 0 0
14  8 11 53 88 18 107 49 80 0.23095 0 0 0 0 0 0 0 0 0 0 0
10  4  3 52 61 14 110 46 98 0.68775 0 0 0 0 0 0 0 0 0 0 0
 3  6  7 66 82  6 241 36 53 1.58408 0 0 0 0 0 0 0 0 0 0 0
 7 12  9 27 84  5 325 33 79 0.08400 0 0 0 0 0 0 0 0 0 0 0
 4 14 15 29 85  8 224 41 96 0.03168 0 0 0 0 0 0 0 0 0 0 0
14  8 14 32 81  6 105 44 31 0.26320 0 0 0 0 0 0 0 0 0 0 0
 6 13 14 35 82 15 306 42 40 0.50347 0 0 0 0 0 0 0 0 0 0 0
14 11 15 39 76 13 162 49 42 1.07781 0 0 0 0 0 0 0 0 0 0 0
 8  4  7 46 87  9 304 40 98 1.94955 0 0 0 0 0 0 0 0 0 0 0
 6  3  4 26 77 16 190 46 60 0.76134 0 0 0 0 0 0 0 0 0 0 0
 4  7  3 50 92 18  14 47 47 0.99363 0 0 0 0 0 0 0 0 0 0 0
 4  6  4 48 67  7 310 38 70 0.21545 0 0 0 0 0 0 0 0 0 0 0
 7  6 13 34 62  6 255 43 71 0.02033 0 0 0 0 0 0 0 0 0 0 0
10  3 13 41 82 14 130 47 85 0.83075 0 0 0 0 0 0 0 0 0 0 0
 8  3  9 44 85 12 248 45 82 1.17051 0 0 0 0 0 0 0 0 0 0 0
 5 11  4 65 95 15  30 48 69 0.54430 0 0 0 0 0 0 0 0 0 0 0
13 14  2 43 82  4  60 32 57 0.40950 0 0 0 0 0 0 0 0 0 0 0
12  8 12 23 62 10 118 34 43 0.96986 0 0 0 0 0 0 0 0 0 0 0
 2 14 12 31 61 19  81 33 98 0.55902 0 0 0 0 0 0 0 0 0 0 0
13 12 13 52 90 14 352 30 99 1.84024 0 0 0 0 0 0 0 0 0 0 0
13 11 12 43 80  4 325 48 66 0.10490 0 0 0 0 0 0 0 0 0 0 0
 2 11  9 44 66 13 219 35 46 0.88028 0 0 0 0 0 0 0 0 0 0 0
 5  6 11 63 73 11 308 31 94 0.70786 0 0 0 0 0 0 0 0 0 0 0
14  9  8 22 96 11 356 41 89 1.72294 0 0 0 0 0 0 0 0 0 0 0
11 13  5 25 98  8 237 32 44 0.79694 0 0 0 0 0 0 0 0 0 0 0
12  5  9 20 74  3 334 39 75 0.92834 0 0 0 0 0 0 0 0 0 0 0
 6  5  3 47 92  8 187 43 71 1.20034 0 0 0 0 0 0 0 0 0 0 0
 8  5 14 51 63 13 345 49 82 0.05932 0 0 0 0 0 0 0 0 0 0 0
 6  5  7 44 87 20 188 37 31 0.55368 0 0 0 0 0 0 0 0 0 0 0
15 13 14 66 99 14 203 40 78 0.59342 0 0 0 0 0 0 0 0 0 0 0
 5 14  3 67 89 14 200 35 67 0.35617 0 0 0 0 0 0 0 0 0 0 0
10  5  5 47 89  6 319 38 42 0.44312 0 0 0 0 0 0 0 0 0 0 0
10 12  3 33 66  6 326 44 81 0.76628 0 0 0 0 0 0 0 0 0 0 0
 8 11  3 35 81 25 264 35 67 1.67742 0 0 0 0 0 0 0 0 0 0 0
 5  3  4 32 73 20 325 42 91 1.90623 0 0 0 0 0 0 0 0 0 0 0
 3 15 11 65 61 10 304 35 85 1.07261 0 0 0 0 0 0 0 0 0 0 0
 8  8  7 45 63  4 282 35 36 1.46493 0 0 0 0 0 0 0 0 0 0 0
 9 13 13 40 92 23 302 45 72 0.82862 0 0 0 0 0 0 0 0 0 0 0
10  4 15 26 84 10 113 39 77 1.96846 0 0 0 0 0 0 0 0 0 0 0
 3 14  3 29 85 16  10 48 78 0.95199 0 0 0 0 0 0 0 0 0 0 0
 9  8  9 51 66 18 177 44 58 1.92560 0 0 0 0 0 0 0 0 0 0 0
10  5  7 53 69 15 153 49 51 1.02951 0 0 0 0 0 0 0 0 0 0 0
13  5  8 63 73 18 116 44 73 0.09005 0 0 0 0 0 0 0 0 0 0 0
13 11  5 44 99 18 123 31 32 1.44406 0 0 0 0 0 0 0 0 0 0 0
 9 12  7 54 86 15 184 45 79 0.24949 0 0 0 0 0 0 0 0 0 0 0
11  7  4 63 90 21 170 36 42 1.20700 0 0 0 0 0 0 0 0 0 0 0
 5  9  6 34 63 14 133 36 57 0.02927 0 0 0 0 0 0 0 0 0 0 0
 4  6  7 26 68 20 253 43 98 1.03698 0 0 0 0 0 0 0 0 0 0 0
12 14  6 57 84 14 119 40 54 1.99338 0 0 0 0 0 0 0 0 0 0 0
 8 11  4 51 68 15 215 49 68 0.34172 0 0 0 0 0 0 0 0 0 0 0
15  7  6 70 90  9 214 44 72 1.50169 0 0 0 0 0 0 0 0 0 0 0
 5 10  2 41 65 12 129 35 98 1.63979 0 0 0 0 0 0 0 0 0 0 0
10 12  6 63 91 25 143 42 85 1.88404 0 0 0 0 0 0 0 0 0 0 0
 6  4 10 67 94 18 207 48 77 1.14805 0 0 0 0 0 0 0 0 0 0 0
 4  8 13 42 71  6 300 47 31 0.82950 0 0 0 0 0 0 0 0 0 0 0
 7 12 15 55 69  6 282 40 68 0.86290 0 0 0 0 0 0 0 0 0 0 0
13 12  4 57 90 17 197 37 81 0.46474 0 0 0 0 0 0 0 0 0 0 0
10  4  4 59 75 20   6 50 99 1.20544 0 0 0 0 0 0 0 0 0 0 0
14 13  4 36 92  8 274 39 81 1.87792 0 0 0 0 0 0 0 0 0 0 0
 3  9  9 58 100 20 239 32 99 1.13997 0 0 0 0 0 0 0 0 0 0 0
 8  8  2 57 67 24 252 33 93 1.49396 0 0 0 0 0 0 0 0 0 0 0
10  8  9 59 64  6  56 35 62 1.75385 0 0 0 0 0 0 0 0 0 0 0
 6 12 10 24 93 18 170 33 58 0.85127 0 0 0 0 0 0 0 0 0 0 0
 7 10  6 53 93  9 270 43 51 1.69599 0 0 0 0 0 0 0 0 0 0 0
 4  5 14 40 65 13  86 39 95 1.50125 0 0 0 0 0 0 0 0 0 0 0
 8 13  7 66 100 18 358 35 50 1.97195 0 0 0 0 0 0 0 0 0 0 0
13  6 15 62 68 23 343 39 92 0.45970 0 0 0 0 0 0 0 0 0 0 0
 3  7  7 49 94 22  65 45 35 1.34896 0 0 0 0 0 0 0 0 0 0 0
 3  7  9 20 87 15 231 43 34 1.76335 0 0 0 0 0 0 0 0 0 0 0
 4 11  6 46 67  8 254 40 39 0.29104 0 0 0 0 0 0 0 0 0 0 0
10  8 12 38 61 13 352 45 32 0.61471 0 0 0 0 0 0 0 0 0 0 0
 3  2  8 31 87 14 231 46 35 0.09422 0 0 0 0 0 0 0 0 0 0 0
14  8  7 57 82  6  88 36 95 1.18536 0 0 0 0 0 0 0 0 0 0 0
12  3  7 68 83 14 278 43 47 0.32015 0 0 0 0 0 0 0 0 0 0 0
 3 13  4 22 74 13 212 47 95 1.28064 0 0 0 0 0 0 0 0 0 0 0
 6 12 13 33 92 16 139 40 62 1.55336 0 0 0 0 0 0 0 0 0 0 0
12  5  2 46 100 16  86 36 44 0.07133 0 0 0 0 0 0 0 0 0 0 0
13 14  2 69 92  8 349 41 43 0.03393 0 0 0 0 0 0 0 0 0 0 0
 4  8  9 55 95  7 272 44 96 1.30595 0 0 0 0 0 0 0 0 0 0 0
 9  6  6 47 88 19  12 48 84 1.06047 0 0 0 0 0 0 0 0 0 0 0
 9  6  6 66 90 23  23 32 78 1.31298 0 0 0 0 0 0 0 0 0 0 0
10  2 12 33 82 11 265 43 44 1.47208 0 0 0 0 0 0 0 0 0 0 0
 2  9  7 51 78 11 303 35 67 1.00185 0 0 0 0 0 0 0 0 0 0 0
 6  5  3 51 81 17 182 48 51 0.59187 0 0 0 0 0 0 0 0 0 0 0
 9 14 10 58 95 24 109 50 77 1.26126 0 0 0 0 0 0 0 0 0 0 0
 4  5  2 22 81 13 308 49 67 1.31445 0 0 0 0 0 0 0 0 0 0 0
 3  4 14 42 91 22 281 31 54 0.24301 0 0 0 0 0 0 0 0 0 0 0
 6  4 10 63 71 15 120 34 35 0.18946 0 0 0 0 0 0 0 0 0 0 0
 8  3 11 35 68  7 303 36 48 1.69252 0 0 0 0 0 0 0 0 0 0 0
 4  5 10 42 62  9 135 49 90 0.72631 0 0 0 0 0 0 0 0 0 0 0
 6 11 14 22 70 14 190 47 63 1.76106 0 0 0 0 0 0 0 0 0 0 0
10  6 10 24 78 19 246 37 86 0.13748 0 0 0 0 0 0 0 0 0 0 0
 6  4 14 63 61 12 270 36 71 0.05333 0 0 0 0 0 0 0 0 0 0 0
14 10  3 23 70 14  35 38 42 0.35424 0 0 0 0 0 0 0 0 0 0 0
15 11 13 63 97 11  21 36 38 0.55165 0 0 0 0 0 0 0 0 0 0 0
14  7 14 22 96 19 234 49 72 1.29170 0 0 0 0 0 0 0 0 0 0 0
 5  9  5 57 94 12 102 32 53 1.87391 0 0 0 0 0 0 0 0 0 0 0
10  7  5 38 87 11  51 49 91 1.85872 0 0 0 0 0 0 0 0 0 0 0
 4 15 11 21 96  3 332 32 32 1.73567 0 0 0 0 0 0 0 0 0 0 0
12 14 15 22 68  8  40 46 98 1.45159 0 0 0 0 0 0 0 0 0 0 0
13  9 15 51 78  8 347 37 35 0.34119 0 0 0 0 0 0 0 0 0 0 0
 3  8 13 67 69 12 220 43 83 1.95131 0 0 0 0 0 0 0 0 0 0 0
 5  8  3 41 96  7 180 32 38 0.81680 0 0 0 0 0 0 0 0 0 0 0
10  7 14 55 91 19 273 44 44 1.60232 0 0 0 0 0 0 0 0 0 0 0
